40 0.000007
52 0.000009
64 0.000008
76 0.000008
88 0.000009
100 0.000010
112 0.000011
124 0.000011
136 0.000012
148 0.000014
160 0.000013
172 0.000015
184 0.000015
196 0.000015
208 0.000018
220 0.000018
232 0.000019
244 0.000025
256 0.000025
268 0.000025
350 0.000033
365 0.000036
380 0.000038
395 0.000037
410 0.000048
425 0.000047
440 0.000048
455 0.000055
470 0.000061
485 0.000062
500 0.000058
515 0.000055
530 0.000059
545 0.000061
560 0.000060
575 0.000061
590 0.000069
605 0.000062
620 0.000064
635 0.000063
780 0.000070
798 0.000080
816 0.000073
834 0.000076
852 0.000079
870 0.000080
888 0.000118
906 0.000090
924 0.000093
942 0.000094
960 0.000093
978 0.000109
996 0.000095
1014 0.000098
1032 0.000103
1050 0.000121
1068 0.000100
1086 0.000102
1104 0.000101
1122 0.000102
1330 0.000116
1351 0.000137
1372 0.000115
1393 0.000121
1414 0.000109
1435 0.000109
1456 0.000113
1477 0.000117
1498 0.000135
1519 0.000112
1540 0.000122
1561 0.000130
1582 0.000134
1603 0.000140
1624 0.000141
1645 0.000143
1666 0.000166
1687 0.000140
1708 0.000139
1729 0.000143
2000 0.000166
2024 0.000170
2048 0.000167
2072 0.000180
2096 0.000189
2120 0.000168
2144 0.000165
2168 0.000183
2192 0.000179
2216 0.000175
2240 0.000164
2264 0.000168
2288 0.000167
2312 0.000195
2336 0.000196
2360 0.000192
2384 0.000244
2408 0.000244
2432 0.000256
2456 0.000242
2790 0.000282
2817 0.000288
2844 0.000320
2871 0.000285
2898 0.000321
2925 0.000303
2952 0.000351
2979 0.000350
3006 0.000313
3033 0.000270
3060 0.000332
3087 0.000219
3114 0.000221
3141 0.000266
3168 0.000274
3195 0.000268
3222 0.000275
3249 0.000283
3276 0.000382
3303 0.000358
3700 0.000381
3730 0.000378
3760 0.000451
3790 0.000430
3820 0.000443
3850 0.000417
3880 0.000437
3910 0.000395
3940 0.000349
3970 0.000346
4000 0.000294
4030 0.000285
4060 0.000290
4090 0.000263
4120 0.000266
4150 0.000276
4180 0.000234
4210 0.000234
4240 0.000236
4270 0.000232
4730 0.000269
4763 0.000267
4796 0.000287
4829 0.000270
4862 0.000280
4895 0.000272
4928 0.000277
4961 0.000278
4994 0.000276
5027 0.000284
5060 0.000272
5093 0.000291
5126 0.000296
5159 0.000293
5192 0.000281
5225 0.000291
5258 0.000344
5291 0.000289
5324 0.000316
5357 0.000300
5880 0.000296
5916 0.000326
5952 0.000324
5988 0.000334
6024 0.000329
6060 0.000335
6096 0.000340
6132 0.000331
6168 0.000337
6204 0.000352
6240 0.000461
6276 0.000348
6312 0.000342
6348 0.000345
6384 0.000371
6420 0.000360
6456 0.000348
6492 0.000376
6528 0.000366
6564 0.000363
7150 0.000395
7189 0.000403
7228 0.000357
7267 0.000395
7306 0.000393
7345 0.000503
7384 0.000416
7423 0.000416
7462 0.000410
7501 0.000430
7540 0.000442
7579 0.000418
7618 0.000416
7657 0.000426
7696 0.000423
7735 0.000416
7774 0.000462
7813 0.000429
7852 0.000434
7891 0.000455
8540 0.000470
8582 0.000465
8624 0.000527
8666 0.000493
8708 0.000476
8750 0.000492
8792 0.000469
8834 0.000432
8876 0.000486
8918 0.000481
8960 0.000525
9002 0.000481
9044 0.000512
9086 0.000638
9128 0.000506
9170 0.000508
9212 0.000490
9254 0.000515
9296 0.000508
9338 0.000501
10050 0.000559
10095 0.000534
10140 0.000534
10185 0.000611
10230 0.000558
10275 0.000549
10320 0.000622
10365 0.000555
10410 0.000554
10455 0.000596
10500 0.000579
10545 0.000561
10590 0.000587
10635 0.000575
10680 0.000598
10725 0.000607
10770 0.000524
10815 0.000573
10860 0.000629
10905 0.000600
11680 0.000624
11728 0.000644
11776 0.000625
11824 0.000653
11872 0.000654
11920 0.000608
11968 0.000738
12016 0.000679
12064 0.000642
12112 0.000655
12160 0.000723
12208 0.000650
12256 0.000706
12304 0.000679
12352 0.000648
12400 0.000676
12448 0.000802
12496 0.000681
12544 0.000733
12592 0.000706
13430 0.000726
13481 0.000783
13532 0.000716
13583 0.000733
13634 0.000724
13685 0.000777
13736 0.000777
13787 0.000948
13838 0.000775
13889 0.000842
13940 0.000868
13991 0.000951
14042 0.000958
14093 0.001024
14144 0.000879
14195 0.000858
14246 0.000789
14297 0.000766
14348 0.000820
14399 0.000780
15300 0.000818
15354 0.000862
15408 0.000836
15462 0.000845
15516 0.000839
15570 0.000839
15624 0.000843
15678 0.000828
15732 0.000856
15786 0.000837
15840 0.000838
15894 0.000865
15948 0.000842
16002 0.000849
16056 0.000860
16110 0.000868
16164 0.000797
16218 0.000800
16272 0.000879
16326 0.000788
17290 0.000921
17347 0.000911
17404 0.000942
17461 0.000922
17518 0.000932
17575 0.000961
17632 0.000945
17689 0.000942
17746 0.000924
17803 0.000945
17860 0.000949
17917 0.001047
17974 0.000980
18031 0.000927
18088 0.000971
18145 0.000892
18202 0.000995
18259 0.000965
18316 0.000969
18373 0.000972
19400 0.001042
19460 0.001032
19520 0.001074
19580 0.001076
19640 0.001040
19700 0.001070
19760 0.001033
19820 0.001044
19880 0.001056
19940 0.001161
20000 0.001099
20060 0.001102
20120 0.001075
20180 0.001100
20240 0.001050
20300 0.001146
20360 0.001075
20420 0.001042
20480 0.001100
20540 0.001086
21630 0.001132
21693 0.001150
21756 0.001241
21819 0.001150
21882 0.001107
21945 0.001213
22008 0.001184
22071 0.001155
22134 0.001191
22197 0.001188
22260 0.001142
22323 0.001179
22386 0.001217
22449 0.001239
22512 0.001129
22575 0.001200
22638 0.001288
22701 0.001206
22764 0.001216
22827 0.001239
23980 0.001260
24046 0.001482
24112 0.001289
24178 0.001255
24244 0.001337
24310 0.001253
24376 0.001526
24442 0.001328
24508 0.001191
24574 0.001454
24640 0.001326
24706 0.001434
24772 0.001311
24838 0.001254
24904 0.001286
24970 0.001366
25036 0.001347
25102 0.001351
25168 0.001504
25234 0.001323
26450 0.001385
26519 0.001415
26588 0.001397
26657 0.001461
26726 0.001308
26795 0.001551
26864 0.001466
26933 0.001442
27002 0.001376
27071 0.001580
27140 0.001488
27209 0.001451
27278 0.001408
27347 0.001475
27416 0.001456
27485 0.001340
27554 0.001542
27623 0.001536
27692 0.001517
27761 0.001455
29040 0.001636
29112 0.001641
29184 0.001691
29256 0.001546
29328 0.001666
29400 0.001981
29472 0.001542
29544 0.001684
29616 0.001771
29688 0.001811
29760 0.001764
29832 0.001865
29904 0.001566
29976 0.001645
30048 0.001537
30120 0.001728
30192 0.001538
30264 0.001721
30336 0.001607
30408 0.001630
31750 0.001748
31825 0.001702
31900 0.001715
31975 0.001702
32050 0.001697
32125 0.001672
32200 0.001705
32275 0.001711
32350 0.001695
32425 0.001713
32500 0.001712
32575 0.001702
32650 0.001723
32725 0.001705
32800 0.001864
32875 0.001824
32950 0.001795
33025 0.001725
33100 0.001795
33175 0.001977
34580 0.001810
34658 0.001846
34736 0.001828
34814 0.001888
34892 0.001829
34970 0.002055
35048 0.001902
35126 0.001881
35204 0.001831
35282 0.001894
35360 0.001894
35438 0.002006
35516 0.001863
35594 0.001919
35672 0.001910
35750 0.001905
35828 0.001896
35906 0.001955
35984 0.001971
36062 0.001921
37530 0.001979
37611 0.002025
37692 0.002002
37773 0.002075
37854 0.002008
37935 0.002014
38016 0.001993
38097 0.002105
38178 0.002100
38259 0.002011
38340 0.002042
38421 0.001997
38502 0.002017
38583 0.002047
38664 0.002055
38745 0.002075
38826 0.002044
38907 0.002101
38988 0.002049
39069 0.002054
40600 0.002179
40684 0.002183
40768 0.002351
40852 0.002113
40936 0.002293
41020 0.002268
41104 0.002064
41188 0.002077
41272 0.002137
41356 0.002274
41440 0.002295
41524 0.002265
41608 0.002149
41692 0.002259
41776 0.002371
41860 0.002235
41944 0.002224
42028 0.002260
42112 0.002192
42196 0.002496
43790 0.002324
43877 0.002299
43964 0.002611
44051 0.002569
44138 0.003000
44225 0.002524
44312 0.002370
44399 0.002377
44486 0.002462
44573 0.002350
44660 0.002427
44747 0.002414
44834 0.002481
44921 0.002560
45008 0.002456
45095 0.002419
45182 0.002795
45269 0.002271
45356 0.003284
45443 0.003701
47100 0.003037
47190 0.003744
47280 0.002610
47370 0.002459
47460 0.002673
47550 0.002478
47640 0.002525
47730 0.003168
47820 0.002592
47910 0.002768
48000 0.002614
48090 0.002794
48180 0.002420
48270 0.002587
48360 0.002686
48450 0.002548
48540 0.002556
48630 0.002504
48720 0.002442
48810 0.002926
50530 0.002762
50623 0.002624
50716 0.002598
50809 0.002770
50902 0.002672
50995 0.002675
51088 0.002590
51181 0.002709
51274 0.003225
51367 0.002840
51460 0.003529
51553 0.003594
51646 0.003976
51739 0.003005
51832 0.003013
51925 0.002780
52018 0.002733
52111 0.002598
52204 0.003017
52297 0.003043
54080 0.002887
54176 0.002772
54272 0.002869
54368 0.003093
54464 0.002828
54560 0.002759
54656 0.002977
54752 0.002961
54848 0.003061
54944 0.002978
55040 0.002756
55136 0.002747
55232 0.003024
55328 0.002862
55424 0.002890
55520 0.002914
55616 0.002966
55712 0.002975
55808 0.002940
55904 0.003054
57750 0.002983
57849 0.002929
57948 0.003153
58047 0.003488
58146 0.003265
58245 0.003466
58344 0.003182
58443 0.003890
58542 0.003979
58641 0.003452
58740 0.003262
58839 0.003094
58938 0.003129
59037 0.003213
59136 0.003414
59235 0.003221
59334 0.003074
59433 0.003086
59532 0.003092
59631 0.003199
61540 0.003070
61642 0.003381
61744 0.003745
61846 0.003821
61948 0.003216
62050 0.003257
62152 0.003158
62254 0.003054
62356 0.003579
62458 0.003317
62560 0.003322
62662 0.003271
62764 0.003584
62866 0.003506
62968 0.003221
63070 0.003460
63172 0.003318
63274 0.003240
63376 0.003193
63478 0.003543
65450 0.003471
65555 0.003466
65660 0.003474
65765 0.003633
65870 0.003490
65975 0.003633
66080 0.003546
66185 0.003572
66290 0.003546
66395 0.003279
66500 0.003641
66605 0.003459
66710 0.003327
66815 0.003505
66920 0.003607
67025 0.003332
67130 0.003510
67235 0.003475
67340 0.003478
67445 0.003439
69480 0.003529
69588 0.003728
69696 0.003594
69804 0.003527
69912 0.003600
70020 0.003802
70128 0.003516
70236 0.003547
70344 0.003751
70452 0.003713
70560 0.003665
70668 0.003854
70776 0.003560
70884 0.003650
70992 0.003921
71100 0.004526
71208 0.003603
71316 0.003727
71424 0.003712
71532 0.003865
73630 0.003774
73741 0.003838
73852 0.003744
73963 0.004090
74074 0.004229
74185 0.003795
74296 0.003929
74407 0.004092
74518 0.004006
74629 0.003760
74740 0.004307
74851 0.003959
74962 0.003994
75073 0.004038
75184 0.004146
75295 0.003694
75406 0.004165
75517 0.004155
75628 0.003781
75739 0.003979
77900 0.004287
78014 0.004115
78128 0.003969
78242 0.004231
78356 0.004091
78470 0.004158
78584 0.004557
78698 0.004556
78812 0.004178
78926 0.004250
79040 0.004135
79154 0.003998
79268 0.004032
79382 0.004121
79496 0.004044
79610 0.004215
79724 0.004330
79838 0.004400
79952 0.004302
80066 0.004242
82290 0.004608
82407 0.004149
82524 0.004077
82641 0.004247
82758 0.004422
82875 0.004137
82992 0.004683
83109 0.004326
83226 0.004074
83343 0.004659
83460 0.004311
83577 0.004041
83694 0.004243
83811 0.004230
83928 0.004302
84045 0.004492
84162 0.004564
84279 0.004123
84396 0.004364
84513 0.004638
86800 0.004489
86920 0.004855
87040 0.004716
87160 0.004377
87280 0.004871
87400 0.004443
87520 0.004487
87640 0.004586
87760 0.004613
87880 0.004748
88000 0.004707
88120 0.004625
88240 0.004694
88360 0.004749
88480 0.004545
88600 0.005055
88720 0.004563
88840 0.004609
88960 0.004884
89080 0.004694
91430 0.004825
91553 0.004977
91676 0.004590
91799 0.004905
91922 0.004722
92045 0.004653
92168 0.004713
92291 0.004905
92414 0.004983
92537 0.004987
92660 0.005136
92783 0.004950
92906 0.004951
93029 0.005390
93152 0.004979
93275 0.006365
93398 0.005567
93521 0.005217
93644 0.005061
93767 0.005027
96180 0.005032
96306 0.005306
96432 0.005198
96558 0.005710
96684 0.005083
96810 0.004924
96936 0.005195
97062 0.005440
97188 0.005221
97314 0.005096
97440 0.004964
97566 0.005129
97692 0.004958
97818 0.004931
97944 0.005272
98070 0.005122
98196 0.005235
98322 0.005350
98448 0.005102
98574 0.005263
101050 0.005275
101179 0.005516
101308 0.005418
101437 0.005701
101566 0.005473
101695 0.005537
101824 0.005625
101953 0.005141
102082 0.005585
102211 0.005346
102340 0.005896
102469 0.005436
102598 0.005306
102727 0.005318
102856 0.005300
102985 0.005661
103114 0.005530
103243 0.005192
103372 0.005783
103501 0.005785
106040 0.005708
106172 0.005531
106304 0.005837
106436 0.005579
106568 0.005591
106700 0.005766
106832 0.005585
106964 0.005972
107096 0.005654
107228 0.005901
107360 0.005550
107492 0.005449
107624 0.005664
107756 0.005330
107888 0.005752
108020 0.005499
108152 0.005884
108284 0.005696
108416 0.005498
108548 0.005705
111150 0.005778
111285 0.006133
111420 0.005961
111555 0.005993
111690 0.005875
111825 0.005954
111960 0.005968
112095 0.005913
112230 0.005779
112365 0.005593
112500 0.005950
112635 0.005690
112770 0.006111
112905 0.006130
113040 0.005934
113175 0.006124
113310 0.005882
113445 0.006431
113580 0.006075
113715 0.006387
116380 0.006166
116518 0.006446
116656 0.006080
116794 0.006389
116932 0.006245
117070 0.006376
117208 0.006215
117346 0.006205
117484 0.006751
117622 0.006176
117760 0.006280
117898 0.006562
118036 0.006267
118174 0.006146
118312 0.006137
118450 0.006085
118588 0.006268
118726 0.006146
118864 0.006380
119002 0.006316
121730 0.006498
121871 0.006193
122012 0.006390
122153 0.006300
122294 0.006550
122435 0.006267
122576 0.006396
122717 0.006377
122858 0.006314
122999 0.006572
123140 0.006635
123281 0.006272
123422 0.006563
123563 0.006666
123704 0.006821
123845 0.006619
123986 0.006649
124127 0.006501
124268 0.006888
124409 0.006933
127200 0.006845
127344 0.006976
127488 0.006842
127632 0.006923
127776 0.006814
127920 0.006926
128064 0.007056
128208 0.006723
128352 0.007024
128496 0.006564
128640 0.007066
128784 0.006399
128928 0.006647
129072 0.006667
129216 0.006612
129360 0.006771
129504 0.006698
129648 0.006808
129792 0.006763
129936 0.006721
132790 0.007137
132937 0.007083
133084 0.007029
133231 0.006806
133378 0.007678
133525 0.007032
133672 0.007066
133819 0.006938
133966 0.006975
134113 0.007127
134260 0.007110
134407 0.006864
134554 0.007023
134701 0.007111
134848 0.007629
134995 0.007344
135142 0.007293
135289 0.007123
135436 0.006780
135583 0.007554
138500 0.006922
138650 0.007471
138800 0.007410
138950 0.007466
139100 0.007411
139250 0.007585
139400 0.007363
139550 0.007358
139700 0.007306
139850 0.007298
140000 0.007624
140150 0.007112
140300 0.007252
140450 0.007565
140600 0.007448
140750 0.007383
140900 0.008880
141050 0.009339
141200 0.007743
141350 0.007299
144330 0.007845
144483 0.008113
144636 0.007808
144789 0.007823
144942 0.007679
145095 0.007789
145248 0.007666
145401 0.007840
145554 0.008291
145707 0.008087
145860 0.007745
146013 0.007880
146166 0.007964
146319 0.007711
146472 0.007939
146625 0.007880
146778 0.008008
146931 0.007807
147084 0.007826
147237 0.007659
150280 0.007653
150436 0.008092
150592 0.007933
150748 0.008140
150904 0.008161
151060 0.007948
151216 0.007853
151372 0.008004
151528 0.008358
151684 0.007965
151840 0.008048
151996 0.008119
152152 0.007874
152308 0.008768
152464 0.008000
152620 0.009584
152776 0.009715
152932 0.008266
153088 0.008550
153244 0.008544
156350 0.008280
156509 0.008397
156668 0.008258
156827 0.008279
156986 0.008113
157145 0.008013
157304 0.008574
157463 0.008140
157622 0.008126
157781 0.008217
157940 0.008391
158099 0.008689
158258 0.008332
158417 0.008364
158576 0.008891
158735 0.008518
158894 0.008723
159053 0.009076
159212 0.009258
159371 0.008723
