40 0.000025
52 0.000057
64 0.000052
76 0.000073
88 0.000178
100 0.000266
112 0.000240
124 0.000561
136 0.000593
148 0.000654
160 0.000604
172 0.001814
184 0.001857
196 0.001811
208 0.001853
220 0.001864
232 0.001936
244 0.002151
256 0.005615
268 0.005875
350 0.005490
365 0.005861
380 0.006176
395 0.006513
410 0.006485
425 0.005844
440 0.005689
455 0.006759
470 0.006431
485 0.018513
500 0.018715
515 0.017415
530 0.018641
545 0.018163
560 0.018488
575 0.018625
590 0.018320
605 0.019549
620 0.019596
635 0.019524
780 0.020327
798 0.019114
816 0.026335
834 0.020482
852 0.055905
870 0.056793
888 0.064645
906 0.057633
924 0.056987
942 0.061671
960 0.060393
978 0.063019
996 0.061216
1014 0.056317
1032 0.059108
1050 0.060072
1068 0.061579
1086 0.062064
1104 0.060553
1122 0.065691
1330 0.062462
1351 0.065269
1372 0.059533
1393 0.066350
1414 0.063362
1435 0.063188
1456 0.069672
1477 0.066660
1498 0.189256
1519 0.186516
1540 0.187186
1561 0.189993
1582 0.191734
1603 0.196268
1624 0.188300
1645 0.201499
1666 0.184586
1687 0.198171
1708 0.202088
1729 0.189018
2000 0.188796
2024 0.207428
2048 0.199121
2072 0.207007
2096 0.219438
2120 0.213480
2144 0.198606
2168 0.216397
2192 0.201115
2216 0.198816
2240 0.200665
2264 0.211643
2288 0.205928
2312 0.206905
2336 0.207135
2360 0.205166
2384 0.195789
2408 0.204383
2432 0.203531
2456 0.206769
2790 0.206928
2817 0.212165
2844 0.216557
2871 0.617366
2898 0.616512
2925 0.644802
2952 0.624927
2979 0.623900
3006 0.616193
3033 0.614630
3060 0.620516
3087 0.694052
3114 0.620602
3141 0.622201
3168 0.612759
3195 0.629794
3222 0.677294
3249 0.627723
3276 0.614867
3303 0.633173
3700 0.652867
3730 0.653895
3760 0.669482
3790 0.653964
3820 0.662358
3850 0.687386
3880 0.677433
3910 0.657646
3940 0.652636
3970 0.642239
4000 0.693572
4030 0.682303
4060 0.752116
4090 0.738862
4120 0.710958
4150 0.720638
4180 0.745445
4210 0.723831
4240 0.694383
4270 0.700586
4730 0.669206
4763 0.674376
4796 0.654136
4829 0.709714
4862 0.683560
4895 0.689109
4928 0.728444
4961 0.701461
4994 0.682943
5027 0.696737
5060 0.695154
5093 0.704359
5126 0.713849
5159 0.692239
5192 0.708786
5225 2.139285
5258 2.153305
5291 2.062560
5324 2.061276
5357 2.119730
5880 2.138844
5916 2.116482
5952 2.121493
5988 2.175739
6024 2.163658
6060 2.087045
6096 2.185835
6132 2.106820
6168 2.141520
6204 2.196431
6240 2.082568
6276 2.236772
6312 2.187592
6348 2.174774
6384 2.212421
6420 2.200792
6456 2.222993
6492 2.252825
6528 2.212204
6564 2.163817
7150 2.238191
7189 2.260653
7228 2.198797
7267 2.135527
7306 2.133476
7345 2.229392
7384 2.253687
7423 2.157020
7462 2.243316
7501 2.224860
7540 2.167627
7579 2.109220
7618 2.156146
7657 2.156920
7696 2.108780
7735 2.218225
7774 2.125550
7813 2.066210
7852 2.131833
7891 2.205084
