1000 0.004051
2000 0.004969
3000 0.005743
4000 0.009198
5000 0.006582
6000 0.006629
7000 0.006875
8000 0.006710
9000 0.007229
10000 0.007699
11000 0.007593
12000 0.007422
13000 0.008119
14000 0.008387
15000 0.008222
16000 0.008146
17000 0.008956
18000 0.008361
19000 0.008575
20000 0.008754
21000 0.008109
22000 0.007462
23000 0.008156
24000 0.011281
25000 0.008927
26000 0.008658
27000 0.010063
28000 0.009268
29000 0.010472
30000 0.009895
31000 0.009641
32000 0.010155
33000 0.008975
34000 0.008759
35000 0.010145
36000 0.010492
37000 0.010765
38000 0.010094
39000 0.010810
40000 0.011108
41000 0.011651
42000 0.010892
43000 0.010432
44000 0.011102
45000 0.011933
46000 0.011307
47000 0.010959
48000 0.012427
49000 0.012058
50000 0.011951
51000 0.012291
52000 0.011950
53000 0.013641
54000 0.012488
55000 0.012316
56000 0.014198
57000 0.012555
58000 0.013426
59000 0.013750
60000 0.013344
61000 0.013872
62000 0.013384
63000 0.014912
64000 0.016561
65000 0.014212
66000 0.013956
67000 0.013304
68000 0.014482
69000 0.013491
70000 0.013103
71000 0.015112
72000 0.015309
73000 0.015256
74000 0.016683
75000 0.015173
76000 0.015747
77000 0.015634
78000 0.016205
79000 0.015774
80000 0.016143
81000 0.018761
82000 0.016070
83000 0.016285
84000 0.018036
85000 0.017092
86000 0.017107
87000 0.016779
88000 0.016783
89000 0.017573
90000 0.018748
91000 0.017594
92000 0.017999
93000 0.019018
94000 0.018516
95000 0.018229
96000 0.017142
97000 0.018575
98000 0.018515
99000 0.019505
100000 0.030590
101000 0.019185
102000 0.030584
103000 0.019252
104000 0.018847
105000 0.024923
106000 0.018403
107000 0.029881
108000 0.019503
109000 0.020915
110000 0.019194
111000 0.019674
112000 0.038159
113000 0.019617
114000 0.020569
115000 0.032581
116000 0.023883
117000 0.021411
118000 0.021557
119000 0.021519
120000 0.021854
121000 0.035020
122000 0.025336
123000 0.022641
124000 0.036736
125000 0.022798
126000 0.036257
127000 0.036218
128000 0.037900
129000 0.026915
130000 0.023364
131000 0.024374
132000 0.023509
133000 0.026179
134000 0.024041
135000 0.023989
136000 0.024596
137000 0.024044
138000 0.024848
139000 0.024192
140000 0.032482
141000 0.025210
142000 0.027930
143000 0.026575
144000 0.025969
145000 0.026136
146000 0.025281
147000 0.042740
148000 0.030054
149000 0.026829
150000 0.027374
151000 0.026606
152000 0.027232
153000 0.027366
154000 0.029221
155000 0.028123
156000 0.028788
157000 0.028028
158000 0.029079
159000 0.028952
160000 0.028654
161000 0.030007
162000 0.028776
163000 0.034770
164000 0.030929
165000 0.030432
166000 0.030972
167000 0.029122
168000 0.029626
169000 0.031654
170000 0.031324
171000 0.030430
172000 0.031442
173000 0.030102
174000 0.031032
175000 0.031203
176000 0.032318
177000 0.036514
178000 0.032117
179000 0.031392
180000 0.040228
181000 0.037721
182000 0.031860
183000 0.032747
184000 0.032755
185000 0.032380
186000 0.034207
187000 0.033038
188000 0.034568
189000 0.054955
190000 0.032359
191000 0.032238
192000 0.034033
193000 0.034553
194000 0.054520
195000 0.034718
196000 0.034054
197000 0.055464
198000 0.035147
199000 0.036315
200000 0.034093
201000 0.034576
202000 0.034672
203000 0.057309
204000 0.036016
205000 0.035977
206000 0.035293
207000 0.038614
208000 0.039526
209000 0.040094
210000 0.036968
211000 0.036243
212000 0.036776
213000 0.042002
214000 0.037310
215000 0.036534
216000 0.037149
217000 0.037626
218000 0.037884
219000 0.042397
220000 0.037525
221000 0.040564
222000 0.037644
223000 0.064526
224000 0.065452
225000 0.037719
226000 0.038709
227000 0.038450
228000 0.057385
229000 0.058860
230000 0.039774
231000 0.039201
232000 0.039423
233000 0.040192
234000 0.040208
235000 0.040744
236000 0.039652
237000 0.040869
238000 0.040484
239000 0.040854
240000 0.043476
241000 0.040330
242000 0.067389
243000 0.041558
244000 0.041787
245000 0.041859
246000 0.069347
247000 0.079338
248000 0.051215
249000 0.044771
250000 0.047388
251000 0.049708
252000 0.053616
253000 0.050613
254000 0.054187
255000 0.053847
256000 0.047813
257000 0.049748
258000 0.047149
259000 0.050593
260000 0.067398
261000 0.062843
262000 0.067834
263000 0.067971
264000 0.066252
265000 0.066196
266000 0.058152
267000 0.052248
268000 0.064236
269000 0.066871
270000 0.113898
271000 0.066489
272000 0.065420
273000 0.076156
274000 0.064527
275000 0.096179
276000 0.070508
277000 0.062395
278000 0.062877
279000 0.053661
280000 0.062222
281000 0.068804
282000 0.066057
283000 0.059516
284000 0.055603
285000 0.061240
286000 0.076090
287000 0.058862
288000 0.054711
289000 0.056373
290000 0.063080
291000 0.060118
292000 0.071692
293000 0.103210
294000 0.064827
295000 0.064729
296000 0.059330
297000 0.058898
298000 0.060461
299000 0.071547
300000 0.057985
301000 0.054632
302000 0.057543
303000 0.074083
304000 0.058588
305000 0.058715
306000 0.061577
307000 0.059625
308000 0.061348
309000 0.068371
310000 0.070778
311000 0.101128
312000 0.059212
313000 0.058815
314000 0.056302
315000 0.056764
316000 0.055672
317000 0.060276
318000 0.100636
319000 0.061219
320000 0.060725
321000 0.060222
322000 0.060330
323000 0.061052
324000 0.057206
325000 0.061010
326000 0.058673
327000 0.064762
328000 0.104546
329000 0.061719
330000 0.061473
331000 0.062711
332000 0.061368
333000 0.065110
334000 0.065262
335000 0.060185
336000 0.061070
337000 0.062778
338000 0.062308
339000 0.062126
340000 0.066800
341000 0.066304
342000 0.065050
343000 0.068847
344000 0.064420
345000 0.065327
346000 0.061814
347000 0.065553
348000 0.073403
349000 0.062212
350000 0.067769
351000 0.070388
352000 0.068758
353000 0.065526
354000 0.069513
355000 0.067431
356000 0.069880
357000 0.067024
358000 0.066712
359000 0.067036
360000 0.118941
361000 0.093124
362000 0.073364
363000 0.067941
364000 0.066495
365000 0.129275
366000 0.119675
367000 0.071829
368000 0.116852
369000 0.069011
370000 0.068793
371000 0.068787
372000 0.120203
373000 0.072860
374000 0.071609
375000 0.121796
376000 0.072256
377000 0.071844
378000 0.070916
379000 0.073430
380000 0.071463
381000 0.072799
382000 0.119878
383000 0.070215
384000 0.077061
385000 0.095187
386000 0.087242
387000 0.077455
388000 0.080190
389000 0.077711
390000 0.080907
391000 0.073357
392000 0.107593
393000 0.071388
394000 0.084286
395000 0.083377
396000 0.093316
397000 0.097815
398000 0.085683
399000 0.082684
400000 0.082034
401000 0.083223
402000 0.081431
403000 0.082134
404000 0.088502
405000 0.089192
406000 0.082398
407000 0.084504
408000 0.078408
409000 0.091522
410000 0.080902
411000 0.083209
412000 0.083470
413000 0.081273
414000 0.093647
415000 0.083606
416000 0.087565
417000 0.085847
418000 0.080481
419000 0.079666
420000 0.085134
421000 0.082427
422000 0.082547
423000 0.097826
424000 0.087954
425000 0.091061
426000 0.100736
427000 0.086429
428000 0.084822
429000 0.087418
430000 0.154380
431000 0.083645
432000 0.110003
433000 0.093878
434000 0.091450
435000 0.082841
436000 0.100997
437000 0.090007
438000 0.092673
439000 0.083876
440000 0.122124
441000 0.128402
442000 0.098252
443000 0.090149
444000 0.161334
445000 0.094490
446000 0.090830
447000 0.088628
448000 0.107258
449000 0.099006
450000 0.089782
451000 0.085052
452000 0.084476
453000 0.083583
454000 0.107560
455000 0.089590
456000 0.087430
457000 0.148021
458000 0.089680
459000 0.092223
460000 0.095848
461000 0.089861
462000 0.093233
463000 0.102051
464000 0.091126
465000 0.090473
466000 0.097860
467000 0.088903
468000 0.093968
469000 0.090868
470000 0.090117
471000 0.098394
472000 0.102078
473000 0.092509
474000 0.091296
475000 0.087560
476000 0.089953
477000 0.091891
478000 0.089722
479000 0.089592
480000 0.089659
481000 0.089994
482000 0.092550
483000 0.090371
484000 0.097170
485000 0.089041
486000 0.087755
487000 0.091375
488000 0.091998
489000 0.094973
490000 0.091084
491000 0.098650
492000 0.125496
493000 0.102806
494000 0.104929
495000 0.108099
496000 0.096005
497000 0.117671
498000 0.094619
499000 0.102495
500000 0.101373
501000 0.096915
502000 0.101008
503000 0.105500
504000 0.175507
505000 0.103909
506000 0.104610
507000 0.109081
508000 0.100263
509000 0.102542
510000 0.208300
511000 0.107770
512000 0.097840
513000 0.187143
514000 0.121809
515000 0.154021
516000 0.099592
517000 0.101701
518000 0.177672
519000 0.102984
520000 0.102556
521000 0.107431
522000 0.103525
523000 0.185274
524000 0.118514
525000 0.185976
526000 0.111431
527000 0.106191
528000 0.206288
529000 0.102914
530000 0.118908
531000 0.122536
532000 0.104579
533000 0.111546
534000 0.127374
535000 0.231621
536000 0.181043
537000 0.102303
538000 0.109506
539000 0.118347
540000 0.188571
541000 0.108633
542000 0.105368
543000 0.128434
544000 0.107074
545000 0.130704
546000 0.111473
547000 0.112610
548000 0.122976
549000 0.127541
550000 0.111440
551000 0.106281
552000 0.109888
553000 0.207127
554000 0.196263
555000 0.109590
556000 0.109397
557000 0.136480
558000 0.115600
559000 0.118517
560000 0.215015
561000 0.187235
562000 0.111846
563000 0.108883
564000 0.123538
565000 0.111276
566000 0.183077
567000 0.116506
568000 0.106194
569000 0.110377
570000 0.111046
571000 0.108433
572000 0.112365
573000 0.113608
574000 0.193382
575000 0.118731
576000 0.198337
577000 0.113972
578000 0.117446
579000 0.199206
580000 0.128611
581000 0.107489
582000 0.114545
583000 0.116968
584000 0.116212
585000 0.110639
586000 0.115776
587000 0.121050
588000 0.192738
589000 0.112700
590000 0.116856
591000 0.109220
592000 0.113193
593000 0.200479
594000 0.120984
595000 0.120214
596000 0.122392
597000 0.124581
598000 0.125238
599000 0.127992
600000 0.120644
601000 0.115686
602000 0.116595
603000 0.114180
604000 0.207596
605000 0.119208
606000 0.114404
607000 0.193460
608000 0.121107
609000 0.126832
610000 0.127335
611000 0.127433
612000 0.123401
613000 0.125155
614000 0.145174
615000 0.112831
616000 0.114436
617000 0.199144
618000 0.118987
619000 0.128631
620000 0.125073
621000 0.205898
622000 0.116959
623000 0.173152
624000 0.128539
625000 0.127201
626000 0.116689
627000 0.116302
628000 0.123132
629000 0.118304
630000 0.116627
631000 0.121321
632000 0.140278
633000 0.162577
634000 0.133286
635000 0.231002
636000 0.133075
637000 0.170282
638000 0.124611
639000 0.130915
640000 0.126161
641000 0.120195
642000 0.215485
643000 0.127545
644000 0.127156
645000 0.123024
646000 0.130666
647000 0.121555
648000 0.123654
649000 0.127854
650000 0.123862
651000 0.125914
652000 0.134259
653000 0.134153
654000 0.121468
655000 0.122571
656000 0.126760
657000 0.224768
658000 0.135532
659000 0.122439
660000 0.128943
661000 0.125084
662000 0.124587
663000 0.128975
664000 0.229730
665000 0.135339
666000 0.218213
667000 0.136454
668000 0.233560
669000 0.126734
670000 0.131639
671000 0.228845
672000 0.175676
673000 0.234893
674000 0.168945
675000 0.149220
676000 0.126867
677000 0.248209
678000 0.126878
679000 0.190893
680000 0.128052
681000 0.151766
682000 0.132648
683000 0.167303
684000 0.124832
685000 0.135230
686000 0.132587
687000 0.145119
688000 0.149602
689000 0.133910
690000 0.132893
691000 0.135538
692000 0.230901
693000 0.154731
694000 0.140171
695000 0.132774
696000 0.132162
697000 0.145309
698000 0.144995
699000 0.134907
700000 0.134567
701000 0.137027
702000 0.130636
703000 0.138977
704000 0.141179
705000 0.130946
706000 0.146156
707000 0.130424
708000 0.261991
709000 0.158550
710000 0.144301
711000 0.254011
712000 0.135103
713000 0.246618
714000 0.133305
715000 0.231755
716000 0.140158
717000 0.137556
718000 0.179293
719000 0.149249
720000 0.135631
721000 0.257264
722000 0.241530
723000 0.146011
724000 0.154466
725000 0.142969
726000 0.139692
727000 0.253149
728000 0.132177
729000 0.187293
730000 0.179582
731000 0.146338
732000 0.149077
733000 0.150550
734000 0.148024
735000 0.149829
736000 0.146366
737000 0.171114
738000 0.169087
739000 0.137600
740000 0.141775
741000 0.149468
742000 0.143608
743000 0.171139
744000 0.144174
745000 0.269663
746000 0.144334
747000 0.134826
748000 0.138705
749000 0.147328
750000 0.159651
751000 0.194873
752000 0.193931
753000 0.156279
754000 0.143006
755000 0.186262
756000 0.147440
757000 0.193536
758000 0.163335
759000 0.159637
760000 0.160332
761000 0.269550
762000 0.145367
763000 0.221713
764000 0.153432
765000 0.135020
766000 0.156939
767000 0.163681
768000 0.142573
769000 0.163724
770000 0.276868
771000 0.149166
772000 0.161608
773000 0.164364
774000 0.156151
775000 0.144292
776000 0.152618
777000 0.178599
778000 0.178200
779000 0.161064
780000 0.165039
781000 0.168796
782000 0.156037
783000 0.147592
784000 0.145082
785000 0.148890
786000 0.186248
787000 0.156181
788000 0.170900
789000 0.256376
790000 0.146704
791000 0.158902
792000 0.158821
793000 0.230701
794000 0.170786
795000 0.162324
796000 0.144548
797000 0.147390
798000 0.148427
799000 0.160737
800000 0.157553
801000 0.148630
802000 0.156969
803000 0.151101
804000 0.152849
805000 0.156684
806000 0.148354
807000 0.144085
808000 0.281413
809000 0.158716
810000 0.282333
811000 0.173474
812000 0.167364
813000 0.164792
814000 0.172040
815000 0.158705
816000 0.170853
817000 0.172244
818000 0.169652
819000 0.163088
820000 0.159597
821000 0.178276
822000 0.274184
823000 0.151036
824000 0.175403
825000 0.173251
826000 0.177035
827000 0.158450
828000 0.197812
829000 0.179320
830000 0.154769
831000 0.182699
832000 0.153688
833000 0.174388
834000 0.155291
835000 0.156157
836000 0.185993
837000 0.216001
838000 0.156619
839000 0.215750
840000 0.167694
841000 0.176741
842000 0.179850
843000 0.146402
844000 0.193993
845000 0.205947
846000 0.163038
847000 0.176549
848000 0.168279
849000 0.170156
850000 0.154340
851000 0.173933
852000 0.179397
853000 0.169649
854000 0.286937
855000 0.168100
856000 0.167431
857000 0.168331
858000 0.159995
859000 0.171173
860000 0.157245
861000 0.165165
862000 0.172741
863000 0.160252
864000 0.169175
865000 0.159852
866000 0.172207
867000 0.161037
868000 0.181865
869000 0.158383
870000 0.162128
871000 0.167060
872000 0.157186
873000 0.174128
874000 0.167821
875000 0.169285
876000 0.187496
877000 0.166784
878000 0.170381
879000 0.166109
880000 0.176225
881000 0.169913
882000 0.178444
883000 0.165167
884000 0.173762
885000 0.182193
886000 0.175890
887000 0.169765
888000 0.206321
889000 0.171799
890000 0.180029
891000 0.175215
892000 0.211062
893000 0.168696
894000 0.248028
895000 0.171235
896000 0.216035
897000 0.183504
898000 0.174655
899000 0.190711
900000 0.177291
901000 0.172049
902000 0.184069
903000 0.168772
904000 0.214561
905000 0.164441
906000 0.322021
907000 0.187961
908000 0.165591
909000 0.185939
910000 0.188636
911000 0.185813
912000 0.201306
913000 0.172173
914000 0.176167
915000 0.173260
916000 0.306336
917000 0.202112
918000 0.194756
919000 0.169028
920000 0.168377
921000 0.211540
922000 0.194953
923000 0.171561
924000 0.310428
925000 0.172650
926000 0.175014
927000 0.187583
928000 0.192590
929000 0.202114
930000 0.319974
931000 0.328091
932000 0.188255
933000 0.188812
934000 0.393529
935000 0.212579
936000 0.185114
937000 0.180971
938000 0.186294
939000 0.184058
940000 0.189684
941000 0.181159
942000 0.193794
943000 0.200732
944000 0.176847
945000 0.312277
946000 0.173533
947000 0.190125
948000 0.176720
949000 0.186132
950000 0.187900
951000 0.335544
952000 0.182066
953000 0.212313
954000 0.208302
955000 0.196549
956000 0.182644
957000 0.178914
958000 0.213786
959000 0.256489
960000 0.193101
961000 0.240238
962000 0.206306
963000 0.180974
964000 0.203707
965000 0.243815
966000 0.224066
967000 0.204568
968000 0.195159
969000 0.212956
970000 0.203999
971000 0.209715
972000 0.338144
973000 0.206318
974000 0.192560
975000 0.257871
976000 0.349601
977000 0.336761
978000 0.187785
979000 0.198534
980000 0.177814
981000 0.363303
982000 0.162771
983000 0.164913
984000 0.164913
985000 0.181185
986000 0.175069
987000 0.248903
988000 0.172697
989000 0.167396
990000 0.174361
991000 0.169289
992000 0.167736
993000 0.168094
994000 0.175903
995000 0.164901
996000 0.168949
997000 0.171632
998000 0.307068
999000 0.169815
1000000 0.146450
