1000 0.000077
2000 0.000165
3000 0.000261
4000 0.000342
5000 0.000438
6000 0.000542
7000 0.000636
8000 0.000821
9000 0.000841
10000 0.000950
11000 0.001077
12000 0.001058
13000 0.001261
14000 0.001377
15000 0.001587
16000 0.001662
17000 0.001732
18000 0.001845
19000 0.001921
20000 0.002020
21000 0.002320
22000 0.002237
23000 0.002326
24000 0.002495
25000 0.002541
26000 0.002818
27000 0.002852
28000 0.002910
29000 0.003031
30000 0.003146
31000 0.003270
32000 0.003367
33000 0.003414
34000 0.003487
35000 0.003617
36000 0.003892
37000 0.004050
38000 0.004110
39000 0.004342
40000 0.004300
41000 0.004394
42000 0.004367
43000 0.004814
44000 0.004714
45000 0.004767
46000 0.005045
47000 0.005234
48000 0.005288
49000 0.005298
50000 0.005305
51000 0.005657
52000 0.005954
53000 0.005937
54000 0.006051
55000 0.006063
56000 0.006134
57000 0.006374
58000 0.006636
59000 0.006669
60000 0.006751
61000 0.007250
62000 0.006963
63000 0.007124
64000 0.007196
65000 0.007304
66000 0.007433
67000 0.007476
68000 0.007421
69000 0.007976
70000 0.008060
71000 0.008114
72000 0.007883
73000 0.008469
74000 0.008586
75000 0.009072
76000 0.008739
77000 0.008786
78000 0.008783
79000 0.009404
80000 0.008912
81000 0.009006
82000 0.009315
83000 0.009759
84000 0.009682
85000 0.009729
86000 0.009800
87000 0.010512
88000 0.010184
89000 0.010327
90000 0.010501
91000 0.010753
92000 0.010882
93000 0.010896
94000 0.010950
95000 0.011361
96000 0.011307
97000 0.011142
98000 0.011425
99000 0.011556
100000 0.016035
101000 0.011704
102000 0.012043
103000 0.012161
104000 0.012321
105000 0.012361
106000 0.012736
107000 0.012541
108000 0.013242
109000 0.013098
110000 0.012945
111000 0.013013
112000 0.013540
113000 0.013221
114000 0.014017
115000 0.013786
116000 0.013613
117000 0.015319
118000 0.014023
119000 0.014423
120000 0.014639
121000 0.014692
122000 0.015054
123000 0.014748
124000 0.014741
125000 0.015142
126000 0.015212
127000 0.016001
128000 0.015105
129000 0.015455
130000 0.015605
131000 0.016046
132000 0.017577
133000 0.016907
134000 0.015942
135000 0.017065
136000 0.017013
137000 0.016849
138000 0.017020
139000 0.016930
140000 0.017016
141000 0.016922
142000 0.017201
143000 0.017396
144000 0.017478
145000 0.017495
146000 0.017585
147000 0.017769
148000 0.018598
149000 0.018692
150000 0.018755
151000 0.020958
152000 0.020105
153000 0.026193
154000 0.018587
155000 0.025935
156000 0.019031
157000 0.021383
158000 0.020143
159000 0.021110
160000 0.019371
161000 0.020062
162000 0.020307
163000 0.020253
164000 0.021259
165000 0.020556
166000 0.020291
167000 0.020964
168000 0.020633
169000 0.020653
170000 0.021477
171000 0.021408
172000 0.021587
173000 0.021994
174000 0.021659
175000 0.022081
176000 0.022460
177000 0.021975
178000 0.022484
179000 0.022205
180000 0.027396
181000 0.022618
182000 0.022599
183000 0.022763
184000 0.023692
185000 0.023542
186000 0.023418
187000 0.023555
188000 0.023348
189000 0.023897
190000 0.023631
191000 0.023663
192000 0.024274
193000 0.023989
194000 0.024204
195000 0.024066
196000 0.024179
197000 0.025337
198000 0.025353
199000 0.025006
200000 0.025094
201000 0.025462
202000 0.027472
203000 0.026298
204000 0.025864
205000 0.026012
206000 0.025983
207000 0.026564
208000 0.026804
209000 0.026321
210000 0.030500
211000 0.026661
212000 0.026808
213000 0.027096
214000 0.026943
215000 0.027330
216000 0.027659
217000 0.027614
218000 0.028051
219000 0.028164
220000 0.027974
221000 0.027901
222000 0.028558
223000 0.028652
224000 0.028743
225000 0.028546
226000 0.029383
227000 0.028655
228000 0.028969
229000 0.029218
230000 0.029385
231000 0.029531
232000 0.030032
233000 0.030348
234000 0.030643
235000 0.030475
236000 0.031206
237000 0.045375
238000 0.030909
239000 0.034198
240000 0.030842
241000 0.031040
242000 0.031566
243000 0.031706
244000 0.031985
245000 0.033150
246000 0.034427
247000 0.036368
248000 0.035430
249000 0.032589
250000 0.033840
251000 0.032317
252000 0.032757
253000 0.032814
254000 0.032877
255000 0.034144
256000 0.035682
257000 0.034401
258000 0.034980
259000 0.037180
260000 0.039633
261000 0.036773
262000 0.041544
263000 0.038156
264000 0.040844
265000 0.039170
266000 0.036136
267000 0.040749
268000 0.039552
269000 0.040321
270000 0.038755
271000 0.042571
272000 0.039158
273000 0.045969
274000 0.041410
275000 0.036166
276000 0.038074
277000 0.040030
278000 0.038763
279000 0.057110
280000 0.041722
281000 0.040545
282000 0.042147
283000 0.039724
284000 0.038370
285000 0.040970
286000 0.040080
287000 0.040987
288000 0.040328
289000 0.043211
290000 0.041888
291000 0.039161
292000 0.045271
293000 0.045228
294000 0.043747
295000 0.040113
296000 0.042079
297000 0.040300
298000 0.041847
299000 0.044194
300000 0.044963
301000 0.040393
302000 0.041167
303000 0.045761
304000 0.042851
305000 0.040026
306000 0.042723
307000 0.043679
308000 0.041849
309000 0.045519
310000 0.045980
311000 0.043377
312000 0.044154
313000 0.044912
314000 0.043799
315000 0.044472
316000 0.042563
317000 0.045083
318000 0.043146
319000 0.046495
320000 0.045984
321000 0.045151
322000 0.044480
323000 0.043201
324000 0.049399
325000 0.043384
326000 0.044579
327000 0.043976
328000 0.044309
329000 0.049042
330000 0.046514
331000 0.045945
332000 0.065210
333000 0.047758
334000 0.050892
335000 0.049545
336000 0.052967
337000 0.049198
338000 0.046803
339000 0.047515
340000 0.048807
341000 0.047101
342000 0.047627
343000 0.049156
344000 0.048539
345000 0.049211
346000 0.053263
347000 0.047269
348000 0.048141
349000 0.050330
350000 0.052234
351000 0.047990
352000 0.048970
353000 0.052859
354000 0.052940
355000 0.051930
356000 0.051499
357000 0.054306
358000 0.051853
359000 0.051428
360000 0.049531
361000 0.053911
362000 0.056357
363000 0.053882
364000 0.051423
365000 0.055988
366000 0.052231
367000 0.050599
368000 0.050135
369000 0.056238
370000 0.054403
371000 0.051863
372000 0.052221
373000 0.052048
374000 0.055251
375000 0.055277
376000 0.060320
377000 0.076172
378000 0.051263
379000 0.053360
380000 0.052498
381000 0.053736
382000 0.052467
383000 0.054657
384000 0.058782
385000 0.057756
386000 0.057415
387000 0.062465
388000 0.062257
389000 0.055586
390000 0.059207
391000 0.063014
392000 0.054047
393000 0.059869
394000 0.056681
395000 0.063055
396000 0.059445
397000 0.062268
398000 0.059376
399000 0.060711
400000 0.062310
401000 0.058786
402000 0.062772
403000 0.061432
404000 0.062759
405000 0.062553
406000 0.062836
407000 0.065384
408000 0.070855
409000 0.066165
410000 0.062083
411000 0.060908
412000 0.061899
413000 0.068022
414000 0.064700
415000 0.063492
416000 0.061054
417000 0.063707
418000 0.087748
419000 0.065710
420000 0.061811
421000 0.064492
422000 0.068612
423000 0.072308
424000 0.063036
425000 0.071979
426000 0.067014
427000 0.067525
428000 0.075681
429000 0.066258
430000 0.063547
431000 0.064506
432000 0.070599
433000 0.066981
434000 0.071117
435000 0.064740
436000 0.065620
437000 0.065534
438000 0.070056
439000 0.086611
440000 0.080463
441000 0.079166
442000 0.092528
443000 0.068659
444000 0.067102
445000 0.066012
446000 0.069491
447000 0.074942
448000 0.076468
449000 0.071071
450000 0.072753
451000 0.067428
452000 0.068085
453000 0.067993
454000 0.074972
455000 0.071913
456000 0.083002
457000 0.076959
458000 0.085340
459000 0.073886
460000 0.067447
461000 0.069836
462000 0.095280
463000 0.067996
464000 0.074773
465000 0.070815
466000 0.074480
467000 0.071073
468000 0.070251
469000 0.070021
470000 0.073586
471000 0.072718
472000 0.073136
473000 0.071161
474000 0.094261
475000 0.069191
476000 0.070031
477000 0.069234
478000 0.071907
479000 0.072932
480000 0.071304
481000 0.099759
482000 0.073130
483000 0.072344
484000 0.073434
485000 0.071401
486000 0.073502
487000 0.077459
488000 0.076650
489000 0.076078
490000 0.071532
491000 0.078048
492000 0.077078
493000 0.076109
494000 0.082869
495000 0.079290
496000 0.077781
497000 0.078602
498000 0.074490
499000 0.076293
500000 0.074377
501000 0.076143
502000 0.084998
503000 0.074466
504000 0.080130
505000 0.072770
506000 0.079171
507000 0.077037
508000 0.079214
509000 0.080392
510000 0.080378
511000 0.079035
512000 0.075975
513000 0.074331
514000 0.084119
515000 0.077223
516000 0.079030
517000 0.080261
518000 0.077283
519000 0.079446
520000 0.078084
521000 0.077728
522000 0.079221
523000 0.100542
524000 0.085199
525000 0.079648
526000 0.080444
527000 0.078433
528000 0.081868
529000 0.086106
530000 0.084797
531000 0.079211
532000 0.081206
533000 0.084566
534000 0.085766
535000 0.086470
536000 0.078533
537000 0.081286
538000 0.082792
539000 0.087707
540000 0.084068
541000 0.079746
542000 0.077086
543000 0.091133
544000 0.092484
545000 0.087194
546000 0.084838
547000 0.084013
548000 0.085644
549000 0.084495
550000 0.083752
551000 0.087154
552000 0.081346
553000 0.087010
554000 0.090882
555000 0.084956
556000 0.084392
557000 0.089774
558000 0.088881
559000 0.090205
560000 0.085601
561000 0.085259
562000 0.084566
563000 0.088650
564000 0.090076
565000 0.087035
566000 0.084511
567000 0.086480
568000 0.084397
569000 0.088020
570000 0.090240
571000 0.086374
572000 0.089060
573000 0.098429
574000 0.089326
575000 0.084148
576000 0.084107
577000 0.089765
578000 0.089949
579000 0.083933
580000 0.088616
581000 0.090622
582000 0.095156
583000 0.084909
584000 0.088657
585000 0.085625
586000 0.089321
587000 0.091011
588000 0.095654
589000 0.087625
590000 0.089452
591000 0.089447
592000 0.090238
593000 0.089983
594000 0.090103
595000 0.088960
596000 0.097721
597000 0.091232
598000 0.089282
599000 0.090302
600000 0.089092
601000 0.090634
602000 0.091596
603000 0.113477
604000 0.089827
605000 0.089393
606000 0.091736
607000 0.094337
608000 0.092063
609000 0.093955
610000 0.090991
611000 0.090474
612000 0.092912
613000 0.092646
614000 0.093597
615000 0.093827
616000 0.099081
617000 0.092272
618000 0.092459
619000 0.095606
620000 0.092894
621000 0.092744
622000 0.106204
623000 0.092548
624000 0.093905
625000 0.095937
626000 0.093829
627000 0.094031
628000 0.092606
629000 0.098701
630000 0.100537
631000 0.100011
632000 0.100152
633000 0.111462
634000 0.107839
635000 0.104426
636000 0.096866
637000 0.097340
638000 0.097182
639000 0.100689
640000 0.104127
641000 0.094863
642000 0.102461
643000 0.098638
644000 0.096378
645000 0.096993
646000 0.098663
647000 0.102543
648000 0.094975
649000 0.101074
650000 0.134317
651000 0.102800
652000 0.101411
653000 0.100864
654000 0.097549
655000 0.100960
656000 0.104577
657000 0.099105
658000 0.102981
659000 0.104907
660000 0.098454
661000 0.100296
662000 0.103506
663000 0.101752
664000 0.099510
665000 0.103003
666000 0.097937
667000 0.102844
668000 0.098191
669000 0.109531
670000 0.107870
671000 0.106779
672000 0.109198
673000 0.106328
674000 0.113809
675000 0.106926
676000 0.105910
677000 0.119207
678000 0.104532
679000 0.153926
680000 0.113781
681000 0.107072
682000 0.110607
683000 0.107595
684000 0.110194
685000 0.104939
686000 0.104613
687000 0.111381
688000 0.106166
689000 0.102361
690000 0.108217
691000 0.115254
692000 0.108523
693000 0.114513
694000 0.112469
695000 0.111843
696000 0.113126
697000 0.113261
698000 0.113472
699000 0.108164
700000 0.107343
701000 0.109392
702000 0.106091
703000 0.109901
704000 0.115378
705000 0.105311
706000 0.124348
707000 0.112084
708000 0.109759
709000 0.115279
710000 0.114775
711000 0.119494
712000 0.105688
713000 0.116919
714000 0.108672
715000 0.112629
716000 0.116797
717000 0.111532
718000 0.123106
719000 0.120843
720000 0.115586
721000 0.114867
722000 0.107395
723000 0.140929
724000 0.115739
725000 0.116069
726000 0.114148
727000 0.134465
728000 0.117639
729000 0.156207
730000 0.127496
731000 0.112305
732000 0.115748
733000 0.117662
734000 0.119095
735000 0.115637
736000 0.109812
737000 0.124878
738000 0.113248
739000 0.116577
740000 0.118966
741000 0.119301
742000 0.127962
743000 0.126556
744000 0.119122
745000 0.118764
746000 0.127873
747000 0.121506
748000 0.118660
749000 0.123752
750000 0.118602
751000 0.130977
752000 0.127364
753000 0.122795
754000 0.122136
755000 0.121033
756000 0.120216
757000 0.121376
758000 0.119190
759000 0.126150
760000 0.116038
761000 0.118199
762000 0.120331
763000 0.121810
764000 0.113256
765000 0.123377
766000 0.116908
767000 0.117794
768000 0.118731
769000 0.126006
770000 0.116800
771000 0.120681
772000 0.120422
773000 0.122223
774000 0.137649
775000 0.124812
776000 0.128980
777000 0.122751
778000 0.132750
779000 0.120965
780000 0.125146
781000 0.133996
782000 0.124473
783000 0.125546
784000 0.129923
785000 0.119766
786000 0.133804
787000 0.133334
788000 0.123722
789000 0.124446
790000 0.135750
791000 0.125116
792000 0.127252
793000 0.129022
794000 0.135298
795000 0.135242
796000 0.127749
797000 0.124267
798000 0.126852
799000 0.122868
800000 0.126601
801000 0.126601
802000 0.126504
803000 0.128087
804000 0.126829
805000 0.129815
806000 0.127213
807000 0.125407
808000 0.131891
809000 0.130968
810000 0.124996
811000 0.128420
812000 0.134731
813000 0.127798
814000 0.140512
815000 0.122455
816000 0.130245
817000 0.127055
818000 0.136893
819000 0.131544
820000 0.127074
821000 0.134818
822000 0.139450
823000 0.128357
824000 0.135093
825000 0.129418
826000 0.144953
827000 0.137163
828000 0.134060
829000 0.179815
830000 0.133785
831000 0.137810
832000 0.147051
833000 0.132343
834000 0.127068
835000 0.147355
836000 0.147629
837000 0.139823
838000 0.156664
839000 0.139498
840000 0.145034
841000 0.163799
842000 0.137113
843000 0.153968
844000 0.141350
845000 0.149068
846000 0.137988
847000 0.135215
848000 0.133307
849000 0.140379
850000 0.150780
851000 0.134541
852000 0.130562
853000 0.141573
854000 0.132781
855000 0.138055
856000 0.142493
857000 0.131591
858000 0.135112
859000 0.141657
860000 0.143592
861000 0.143894
862000 0.146931
863000 0.136976
864000 0.132735
865000 0.138299
866000 0.143768
867000 0.138156
868000 0.135957
869000 0.135523
870000 0.139953
871000 0.132652
872000 0.134706
873000 0.136895
874000 0.144889
875000 0.138331
876000 0.143209
877000 0.137474
878000 0.140370
879000 0.133997
880000 0.138534
881000 0.136077
882000 0.137809
883000 0.135905
884000 0.142623
885000 0.140249
886000 0.143180
887000 0.141504
888000 0.148531
889000 0.148120
890000 0.153186
891000 0.136378
892000 0.146304
893000 0.146427
894000 0.146356
895000 0.135681
896000 0.143808
897000 0.142693
898000 0.137409
899000 0.142007
900000 0.145197
901000 0.143626
902000 0.143904
903000 0.142666
904000 0.145647
905000 0.143111
906000 0.146442
907000 0.142896
908000 0.150090
909000 0.157914
910000 0.159022
911000 0.148820
912000 0.156401
913000 0.145541
914000 0.152180
915000 0.136743
916000 0.146815
917000 0.149979
918000 0.143686
919000 0.142905
920000 0.150602
921000 0.145668
922000 0.149303
923000 0.143888
924000 0.150300
925000 0.154877
926000 0.153470
927000 0.149711
928000 0.147076
929000 0.148502
930000 0.143533
931000 0.143255
932000 0.148424
933000 0.157950
934000 0.157636
935000 0.150620
936000 0.150440
937000 0.156296
938000 0.150547
939000 0.139913
940000 0.202904
941000 0.149851
942000 0.152226
943000 0.148551
944000 0.202063
945000 0.143024
946000 0.151874
947000 0.156559
948000 0.147503
949000 0.173670
950000 0.154365
951000 0.151164
952000 0.209569
953000 0.150578
954000 0.157495
955000 0.147701
956000 0.158344
957000 0.157329
958000 0.152864
959000 0.147747
960000 0.154289
961000 0.153236
962000 0.154711
963000 0.157403
964000 0.169605
965000 0.162984
966000 0.156149
967000 0.148443
968000 0.159448
969000 0.149594
970000 0.159554
971000 0.160539
972000 0.150047
973000 0.157506
974000 0.165773
975000 0.155275
976000 0.152944
977000 0.146004
978000 0.153106
979000 0.185347
980000 0.164224
981000 0.150476
982000 0.149356
983000 0.145152
984000 0.144999
985000 0.161039
986000 0.143026
987000 0.148119
988000 0.170160
989000 0.145640
990000 0.149813
991000 0.149141
992000 0.148744
993000 0.148882
994000 0.150798
995000 0.147038
996000 0.151288
997000 0.150239
998000 0.146596
999000 0.148001
1000000 0.144980
