5000 0.001723 
10000 0.003673 
15000 0.005359 
20000 0.008096 
25000 0.010690 
30000 0.013488 
35000 0.016460 
40000 0.018375 
45000 0.024818 
50000 0.026538 
55000 0.032535 
60000 0.031558 
65000 0.035493 
70000 0.038835 
75000 0.042674 
80000 0.046684 
85000 0.049087 
90000 0.051420 
95000 0.054805 
100000 0.057359 
105000 0.062925 
110000 0.065565 
115000 0.069557 
120000 0.077072 
125000 0.079434 
130000 0.083902 
135000 0.090177 
140000 0.090064 
145000 0.096505 
150000 0.102188 
155000 0.100437 
160000 0.105024 
165000 0.115966 
170000 0.108112 
175000 0.116338 
180000 0.120301 
185000 0.125941 
190000 0.135744 
195000 0.125854 
200000 0.139396 
205000 0.141394 
210000 0.154061 
215000 0.147806 
220000 0.160840 
225000 0.156392 
230000 0.165821 
235000 0.178386 
240000 0.180459 
245000 0.172693 
250000 0.181194 
255000 0.194976 
260000 0.204946 
265000 0.205248 
270000 0.202937 
275000 0.201178 
280000 0.226769 
285000 0.208037 
290000 0.209363 
295000 0.221709 
300000 0.262132 
305000 0.229808 
310000 0.247349 
315000 0.251297 
320000 0.247732 
325000 0.274793 
330000 0.271722 
335000 0.279278 
340000 0.269580 
345000 0.263290 
350000 0.282946 
355000 0.280684 
360000 0.293763 
365000 0.307440 
370000 0.306267 
375000 0.302166 
380000 0.338482 
385000 0.333673 
390000 0.341228 
395000 0.357208 
400000 0.346990 
405000 0.345322 
410000 0.339589 
415000 0.346300 
420000 0.352110 
425000 0.354942 
430000 0.377968 
435000 0.382291 
440000 0.392899 
445000 0.377717 
450000 0.381858 
455000 0.383785 
460000 0.413288 
465000 0.414766 
470000 0.442923 
475000 0.436310 
480000 0.439678 
485000 0.457531 
490000 0.460635 
495000 0.449978 
500000 0.481254 
505000 0.457189 
510000 0.443779 
515000 0.470708 
520000 0.483500 
525000 0.480043 
530000 0.490568 
535000 0.495757 
540000 0.499185 
545000 0.477121 
550000 0.515905 
555000 0.517182 
560000 0.517750 
565000 0.533828 
570000 0.532691 
575000 0.575096 
580000 0.531847 
585000 0.618071 
590000 0.551064 
595000 0.556510 
600000 0.561801 
605000 0.579360 
610000 0.548824 
615000 0.592164 
620000 0.599517 
625000 0.600050 
630000 0.603250 
635000 0.629081 
640000 0.596328 
645000 0.610996 
650000 0.653458 
655000 0.626579 
660000 0.645008 
665000 0.636461 
670000 0.616919 
675000 0.675137 
680000 0.653741 
685000 0.695448 
690000 0.655771 
695000 0.684760 
700000 0.692540 
705000 0.686005 
710000 0.734431 
715000 0.745871 
720000 0.699933 
725000 0.748227 
730000 0.738171 
735000 0.747641 
740000 0.754634 
745000 0.754824 
750000 0.711142 
755000 0.749428 
760000 0.737026 
765000 0.731485 
770000 0.745806 
775000 0.765710 
780000 0.736533 
785000 0.795736 
790000 0.808838 
795000 0.801173 
800000 0.854735 
805000 0.876236 
810000 0.936781 
815000 0.852380 
820000 0.927457 
825000 0.900607 
830000 0.874743 
835000 0.831481 
840000 0.843710 
845000 0.862675 
850000 0.932542 
855000 0.828035 
860000 0.866970 
865000 0.919192 
870000 0.895834 
875000 0.924843 
880000 0.873886 
885000 0.948786 
890000 0.888294 
895000 0.891541 
900000 0.887817 
905000 0.946278 
910000 0.911622 
915000 0.905896 
920000 0.947070 
925000 0.942159 
930000 0.982577 
935000 0.985299 
940000 0.981029 
945000 0.961956 
950000 0.988328 
955000 1.033593 
960000 1.070265 
965000 1.035901 
970000 0.978358 
975000 1.073165 
980000 0.969180 
985000 1.021922 
990000 1.041344 
995000 1.076426 
1000000 1.009356 
1005000 1.036977 
1010000 1.033942 
1015000 1.070360 
1020000 1.064031 
1025000 1.084416 
1030000 1.074039 
1035000 1.153867 
1040000 1.123121 
1045000 1.041065 
1050000 1.153151 
1055000 1.254439 
1060000 1.121312 
1065000 1.163199 
1070000 1.160811 
1075000 1.148991 
1080000 1.116505 
1085000 1.165553 
1090000 1.083190 
1095000 1.178879 
1100000 1.193585 
1105000 1.167595 
1110000 1.172254 
1115000 1.160923 
1120000 1.232451 
1125000 1.235882 
1130000 1.179679 
1135000 1.223678 
1140000 1.344344 
1145000 1.228612 
1150000 1.326007 
1155000 1.278380 
1160000 1.315995 
1165000 1.315616 
1170000 1.355771 
1175000 1.322834 
1180000 1.331678 
1185000 1.366629 
1190000 1.285919 
1195000 1.275275 
1200000 1.310187 
1205000 1.378643 
1210000 1.257014 
1215000 1.367469 
1220000 1.269673 
1225000 1.410702 
1230000 1.418687 
1235000 1.569810 
1240000 1.435484 
1245000 1.460115 
1250000 1.389763 
1255000 1.368634 
1260000 1.376847 
1265000 1.399153 
1270000 1.399629 
1275000 1.451951 
1280000 1.407401 
1285000 1.407999 
1290000 1.494544 
1295000 1.417356 
1300000 1.456819 
1305000 1.441854 
1310000 1.522756 
1315000 1.491394 
1320000 1.535721 
1325000 1.539054 
1330000 1.445797 
1335000 1.547970 
1340000 1.488266 
1345000 1.495407 
1350000 1.489449 
1355000 1.500613 
1360000 1.419195 
1365000 1.447418 
1370000 1.605585 
1375000 1.605063 
1380000 1.622925 
1385000 1.512446 
1390000 1.559588 
1395000 1.519642 
1400000 1.669345 
1405000 1.690974 
1410000 1.542917 
1415000 1.655818 
1420000 1.653682 
1425000 1.669861 
1430000 1.552759 
1435000 1.688588 
1440000 1.650036 
1445000 1.737765 
1450000 1.669240 
1455000 1.627824 
1460000 1.772182 
1465000 1.692948 
1470000 1.741275 
1475000 1.753976 
1480000 1.689040 
1485000 1.783293 
1490000 1.739427 
1495000 1.824556 
1500000 1.769847 
1505000 1.779938 
1510000 1.740478 
1515000 1.832886 
1520000 1.900558 
1525000 1.804166 
1530000 1.731538 
1535000 1.837220 
1540000 1.875945 
1545000 1.877879 
1550000 1.822734 
1555000 1.836079 
1560000 1.940729 
1565000 1.837110 
1570000 1.932646 
1575000 1.884137 
1580000 1.827194 
1585000 1.948937 
1590000 1.912682 
1595000 1.887530 
1600000 1.970828 
1605000 1.882733 
1610000 1.886862 
1615000 1.963082 
1620000 1.909908 
1625000 2.028301 
1630000 1.965663 
1635000 1.969111 
1640000 2.007901 
1645000 1.947929 
1650000 1.923701 
1655000 1.973637 
1660000 1.862815 
1665000 1.971031 
1670000 1.992683 
1675000 2.009870 
1680000 2.172317 
1685000 1.967093 
1690000 2.018029 
1695000 2.014671 
1700000 2.012596 
1705000 2.051727 
1710000 2.116580 
1715000 2.051129 
1720000 2.159569 
1725000 2.208409 
1730000 2.040970 
1735000 2.235759 
1740000 2.092515 
1745000 2.242983 
1750000 2.137368 
1755000 2.272902 
1760000 2.164964 
1765000 2.185383 
1770000 2.148632 
1775000 2.156468 
1780000 2.225148 
1785000 2.379196 
1790000 2.322654 
1795000 2.106070 
1800000 2.267045 
1805000 2.121538 
1810000 2.259738 
1815000 2.052127 
1820000 2.310013 
1825000 2.249037 
1830000 2.384686 
1835000 2.286597 
1840000 2.260258 
1845000 2.256845 
1850000 2.302652 
1855000 2.306831 
1860000 2.358427 
1865000 2.380709 
1870000 2.283970 
1875000 2.450537 
1880000 2.402603 
1885000 2.301514 
1890000 2.372233 
1895000 2.321886 
1900000 2.441963 
1905000 2.381847 
1910000 2.315658 
1915000 2.416635 
1920000 2.256126 
1925000 2.286346 
1930000 2.469917 
1935000 2.419810 
1940000 2.438891 
1945000 2.452909 
1950000 2.266551 
1955000 2.490370 
1960000 2.453951 
1965000 2.533800 
1970000 2.548305 
1975000 2.471411 
1980000 2.527440 
1985000 2.467293 
1990000 2.436437 
1995000 2.665835 
2000000 2.615899 
2005000 2.462851 
2010000 2.591861 
2015000 2.557231 
2020000 2.520491 
2025000 2.490147 
2030000 2.479948 
2035000 2.619749 
2040000 2.551943 
2045000 2.544395 
2050000 2.752142 
2055000 2.649676 
2060000 2.422210 
2065000 2.713170 
2070000 2.616816 
2075000 2.679532 
2080000 2.582782 
2085000 2.653220 
2090000 2.685714 
2095000 2.971503 
2100000 2.596556 
2105000 2.630272 
2110000 2.525026 
2115000 2.735763 
2120000 2.724044 
2125000 2.605209 
2130000 2.639750 
2135000 2.944570 
2140000 2.682642 
2145000 2.685715 
2150000 2.775080 
2155000 2.783740 
2160000 2.916988 
2165000 2.703740 
2170000 2.862416 
2175000 2.733080 
2180000 2.807172 
2185000 2.684029 
2190000 2.776711 
2195000 2.792025 
2200000 2.699987 
2205000 2.801791 
2210000 2.911272 
2215000 2.710786 
2220000 2.829760 
2225000 2.918218 
2230000 2.814988 
2235000 2.820557 
2240000 2.969709 
2245000 2.804946 
2250000 2.795616 
2255000 2.870369 
2260000 2.791279 
2265000 2.851720 
2270000 2.945870 
2275000 2.996544 
2280000 2.914315 
2285000 2.965385 
2290000 2.879256 
2295000 2.925125 
2300000 3.012984 
2305000 2.929653 
2310000 2.862860 
2315000 3.048516 
2320000 2.932155 
2325000 2.768259 
2330000 3.119665 
2335000 3.040626 
2340000 2.970439 
2345000 3.239663 
2350000 3.065007 
2355000 3.105003 
2360000 3.131432 
2365000 2.981488 
2370000 3.164856 
2375000 3.195761 
2380000 3.117336 
2385000 3.102409 
2390000 3.065140 
2395000 3.271039 
2400000 3.001710 
2405000 3.146538 
2410000 3.223618 
2415000 3.406307 
2420000 3.157795 
2425000 3.200609 
2430000 3.066802 
2435000 3.222102 
2440000 3.382359 
2445000 3.380989 
2450000 3.307541 
2455000 3.219819 
2460000 3.274167 
2465000 3.249191 
2470000 3.216895 
2475000 3.503223 
2480000 3.522492 
2485000 3.131234 
2490000 3.297453 
2495000 3.343021 
2500000 3.199183 
2505000 3.297475 
2510000 3.180226 
2515000 3.297104 
2520000 3.569152 
2525000 3.308004 
2530000 3.332639 
2535000 3.347346 
2540000 3.481648 
2545000 3.573025 
2550000 3.449101 
2555000 3.327998 
2560000 3.402744 
2565000 3.274163 
2570000 3.549650 
2575000 3.650531 
2580000 3.573188 
2585000 3.673772 
2590000 3.525393 
2595000 3.715544 
2600000 3.619330 
2605000 3.631269 
2610000 3.594082 
2615000 3.436608 
2620000 3.267550 
2625000 3.407833 
2630000 3.370056 
2635000 3.743926 
2640000 3.615782 
2645000 3.757558 
2650000 3.605914 
2655000 3.455620 
2660000 3.394642 
2665000 3.670853 
2670000 3.593958 
2675000 3.758998 
2680000 3.413965 
2685000 3.881635 
2690000 3.344684 
2695000 3.646991 
2700000 3.729418 
2705000 3.568390 
2710000 3.720859 
2715000 3.603642 
2720000 3.518137 
2725000 3.640106 
2730000 3.698240 
2735000 3.640983 
2740000 3.858908 
2745000 3.886284 
2750000 3.729909 
2755000 3.802396 
2760000 3.811705 
2765000 3.946789 
2770000 3.509792 
2775000 3.786837 
2780000 3.864044 
2785000 3.910275 
2790000 3.942775 
2795000 3.928327 
2800000 4.721067 
2805000 4.386604 
2810000 3.821682 
2815000 3.924604 
2820000 3.602313 
2825000 3.895879 
2830000 3.946398 
2835000 3.623659 
2840000 4.050509 
2845000 3.950044 
2850000 3.767370 
2855000 3.892993 
2860000 3.964612 
2865000 3.818397 
2870000 3.966038 
2875000 4.097458 
2880000 3.954425 
2885000 4.525837 
2890000 3.941977 
2895000 4.067196 
2900000 4.031606 
2905000 4.078134 
2910000 3.978959 
2915000 4.118187 
2920000 4.123853 
2925000 4.039024 
2930000 4.014960 
2935000 4.051501 
2940000 3.884455 
2945000 3.949457 
2950000 4.208029 
2955000 4.312993 
2960000 4.011062 
2965000 4.084593 
2970000 4.103443 
2975000 4.020590 
2980000 4.349646 
2985000 3.981155 
2990000 4.054942 
2995000 4.202666 
3000000 4.164061 
3005000 4.226749 
3010000 4.159618 
3015000 4.110442 
3020000 4.109219 
3025000 4.126098 
3030000 4.076823 
3035000 4.162247 
3040000 4.166799 
3045000 4.307803 
3050000 4.185482 
3055000 4.075573 
3060000 4.471570 
3065000 4.079456 
3070000 4.125122 
3075000 4.019713 
3080000 4.237069 
3085000 4.178967 
3090000 4.208642 
3095000 4.328436 
3100000 3.963783 
3105000 4.374361 
3110000 4.337915 
3115000 4.376908 
3120000 4.292602 
3125000 4.487168 
3130000 4.234211 
3135000 4.410743 
3140000 4.432898 
3145000 4.306646 
3150000 4.726086 
3155000 4.419472 
3160000 4.202244 
3165000 4.577318 
3170000 4.417189 
3175000 4.630317 
3180000 4.409465 
3185000 4.390943 
3190000 4.339334 
3195000 4.121924 
3200000 4.330772 
3205000 4.543128 
3210000 4.588950 
3215000 4.600130 
3220000 4.574139 
3225000 4.427416 
3230000 4.222331 
3235000 4.349025 
3240000 4.609148 
3245000 4.571747 
3250000 4.388356 
3255000 4.595995 
3260000 4.646738 
3265000 4.418257 
3270000 4.648182 
3275000 4.588038 
3280000 4.456336 
3285000 4.713662 
3290000 4.664140 
3295000 4.798649 
3300000 4.565601 
3305000 4.425806 
3310000 4.440597 
3315000 4.719006 
3320000 4.484042 
3325000 4.412095 
3330000 4.497102 
3335000 4.700052 
3340000 4.440013 
3345000 4.541943 
3350000 4.609133 
3355000 4.789889 
3360000 4.540837 
3365000 4.515034 
3370000 4.773639 
3375000 4.691842 
3380000 4.545072 
3385000 5.025108 
3390000 4.774552 
3395000 5.252181 
3400000 4.549938 
3405000 4.951765 
3410000 4.579183 
3415000 4.816666 
3420000 4.599710 
3425000 4.623626 
3430000 4.803668 
3435000 4.732535 
3440000 4.783295 
3445000 4.615054 
3450000 4.966879 
3455000 4.920229 
3460000 4.685674 
3465000 4.974729 
3470000 4.744297 
3475000 5.183008 
3480000 5.085306 
3485000 4.870027 
3490000 5.139874 
3495000 5.292673 
3500000 5.065179 
3505000 5.111408 
3510000 5.020531 
3515000 4.816238 
3520000 5.145445 
3525000 5.245329 
3530000 4.679758 
3535000 5.014682 
3540000 5.045442 
3545000 4.985897 
3550000 5.063439 
3555000 4.873717 
3560000 5.509826 
3565000 5.268295 
3570000 5.400242 
3575000 5.810623 
3580000 4.808860 
3585000 5.236151 
3590000 5.216758 
3595000 5.037807 
3600000 5.134949 
3605000 4.956270 
3610000 5.396986 
3615000 5.099731 
3620000 4.991270 
3625000 5.395500 
3630000 5.201951 
3635000 5.143040 
3640000 4.992082 
3645000 5.269772 
3650000 5.024378 
3655000 5.533326 
3660000 5.123917 
3665000 5.305162 
3670000 5.522709 
3675000 5.175598 
3680000 5.560829 
3685000 5.485055 
3690000 5.321380 
3695000 5.523091 
3700000 5.503750 
3705000 5.426416 
3710000 5.669711 
3715000 5.326516 
3720000 5.546808 
3725000 6.006035 
3730000 5.622179 
3735000 5.360177 
3740000 5.923604 
3745000 5.414063 
3750000 6.098038 
3755000 5.395795 
3760000 5.708626 
3765000 5.713712 
3770000 5.469159 
3775000 5.375935 
3780000 5.731119 
3785000 5.795536 
3790000 5.826723 
3795000 5.594376 
3800000 5.674255 
3805000 5.671951 
3810000 5.415795 
3815000 5.947368 
3820000 5.998470 
3825000 5.863602 
3830000 5.859171 
3835000 5.814102 
3840000 5.979735 
3845000 6.208842 
3850000 5.789130 
3855000 5.913792 
3860000 5.564933 
3865000 5.424836 
3870000 5.400702 
3875000 5.791778 
3880000 5.881238 
3885000 6.073528 
3890000 5.488953 
3895000 6.019431 
3900000 5.706817 
3905000 5.549636 
3910000 5.694773 
3915000 5.634015 
3920000 5.547330 
3925000 5.641039 
3930000 5.433781 
3935000 5.605176 
3940000 5.541747 
3945000 5.441584 
3950000 5.569559 
3955000 5.433760 
3960000 5.545548 
3965000 5.433894 
3970000 5.807810 
3975000 5.890597 
3980000 5.666396 
3985000 6.071904 
3990000 5.784270 
3995000 6.362735 
4000000 6.514265 
4005000 6.514603 
4010000 6.039677 
4015000 5.915190 
4020000 6.141986 
4025000 6.206546 
4030000 6.150622 
4035000 5.754842 
4040000 5.960542 
4045000 6.865429 
4050000 6.046095 
4055000 6.167658 
4060000 5.870202 
4065000 6.155420 
4070000 6.145050 
4075000 5.996204 
4080000 6.011336 
4085000 6.229959 
4090000 6.298639 
4095000 6.266635 
4100000 6.225355 
4105000 6.501566 
4110000 5.993123 
4115000 6.262075 
4120000 6.152554 
4125000 6.234969 
4130000 5.931820 
4135000 6.205323 
4140000 6.245063 
4145000 6.496367 
4150000 5.893284 
4155000 6.538738 
4160000 6.365563 
4165000 6.275352 
4170000 6.331891 
4175000 6.715064 
4180000 6.267923 
4185000 6.363122 
4190000 6.585789 
4195000 6.260157 
4200000 6.356387 
4205000 6.223564 
4210000 5.977297 
4215000 6.652537 
4220000 6.021537 
4225000 6.746645 
4230000 5.919115 
4235000 6.068349 
4240000 6.581729 
4245000 6.322497 
4250000 6.664822 
4255000 6.554393 
4260000 6.433758 
4265000 6.417574 
4270000 6.358397 
4275000 6.476302 
4280000 6.180513 
4285000 6.289187 
4290000 6.256907 
4295000 6.699387 
4300000 6.766594 
4305000 6.439475 
4310000 6.708797 
4315000 6.276214 
4320000 6.397079 
4325000 6.670295 
4330000 6.977569 
4335000 6.718416 
4340000 6.560164 
4345000 6.829502 
4350000 6.604571 
4355000 6.810315 
4360000 6.917738 
4365000 6.592789 
4370000 6.982529 
4375000 6.884389 
4380000 6.861135 
4385000 6.659271 
4390000 6.497579 
4395000 6.619818 
4400000 6.735759 
4405000 6.704552 
4410000 6.754270 
4415000 6.560411 
4420000 7.067861 
4425000 6.991687 
4430000 7.011213 
4435000 6.312016 
4440000 6.905403 
4445000 7.270904 
4450000 6.905232 
4455000 6.889805 
4460000 7.154102 
4465000 6.900553 
4470000 7.066010 
4475000 6.981615 
4480000 7.189835 
4485000 6.789822 
4490000 6.848374 
4495000 6.905209 
4500000 7.063639 
4505000 6.659391 
4510000 6.403329 
4515000 6.593378 
4520000 7.238060 
4525000 6.883111 
4530000 6.813977 
4535000 7.054849 
4540000 7.046698 
4545000 6.956880 
4550000 6.873155 
4555000 7.264373 
4560000 7.035305 
4565000 6.926102 
4570000 6.900425 
4575000 7.180041 
4580000 6.873046 
4585000 7.178483 
4590000 7.144931 
4595000 6.920013 
4600000 7.073131 
4605000 6.934784 
4610000 7.455037 
4615000 7.046301 
4620000 7.591972 
4625000 7.706770 
4630000 6.966954 
4635000 7.164396 
4640000 7.051278 
4645000 6.934291 
4650000 6.609577 
4655000 7.140869 
4660000 7.126400 
4665000 7.267712 
4670000 7.518498 
4675000 7.387736 
4680000 7.778653 
4685000 6.839306 
4690000 7.219970 
4695000 6.971190 
4700000 7.190858 
4705000 7.419836 
4710000 7.443024 
4715000 7.538129 
4720000 7.471406 
4725000 7.362971 
4730000 7.324157 
4735000 7.519485 
4740000 7.445763 
4745000 6.955845 
4750000 7.709506 
4755000 7.307503 
4760000 7.458159 
4765000 7.563608 
4770000 7.284427 
4775000 7.521815 
4780000 7.246551 
4785000 7.217729 
4790000 7.447253 
4795000 7.823229 
4800000 7.381782 
4805000 7.448320 
4810000 8.402191 
4815000 7.571785 
4820000 7.703911 
4825000 7.628722 
4830000 6.983124 
4835000 7.898085 
4840000 7.704818 
4845000 7.556470 
4850000 7.215517 
4855000 8.073113 
4860000 7.663185 
4865000 7.866814 
4870000 7.507524 
4875000 7.393608 
4880000 7.512858 
4885000 7.242741 
4890000 7.533298 
4895000 8.390395 
4900000 8.055074 
4905000 8.057818 
4910000 8.181330 
4915000 7.453414 
4920000 7.497155 
4925000 7.626144 
4930000 7.948576 
4935000 7.746127 
4940000 8.314738 
4945000 8.263841 
4950000 7.954793 
4955000 7.774087 
4960000 7.809148 
4965000 7.765435 
4970000 8.306583 
4975000 8.447920 
4980000 8.034228 
4985000 8.138335 
4990000 7.525820 
4995000 7.441326 
5000000 7.828298 
