5000 0.001518 
10000 0.002970 
15000 0.004942 
20000 0.006832 
25000 0.009884 
30000 0.012549 
35000 0.013353 
40000 0.017072 
45000 0.019661 
50000 0.020349 
55000 0.024142 
60000 0.027175 
65000 0.029927 
70000 0.033176 
75000 0.035275 
80000 0.037632 
85000 0.039580 
90000 0.044833 
95000 0.048779 
100000 0.050298 
105000 0.051828 
110000 0.051361 
115000 0.057622 
120000 0.057171 
125000 0.062027 
130000 0.063684 
135000 0.071722 
140000 0.070532 
145000 0.072825 
150000 0.076108 
155000 0.080866 
160000 0.081464 
165000 0.085412 
170000 0.086592 
175000 0.091609 
180000 0.094896 
185000 0.099214 
190000 0.100246 
195000 0.101895 
200000 0.106677 
205000 0.103962 
210000 0.112145 
215000 0.125620 
220000 0.123325 
225000 0.118673 
230000 0.129055 
235000 0.127249 
240000 0.131230 
245000 0.144298 
250000 0.136949 
255000 0.140286 
260000 0.146929 
265000 0.147349 
270000 0.149204 
275000 0.153602 
280000 0.161163 
285000 0.154951 
290000 0.163866 
295000 0.162752 
300000 0.164389 
305000 0.180125 
310000 0.178576 
315000 0.179613 
320000 0.185613 
325000 0.187246 
330000 0.198147 
335000 0.192653 
340000 0.202980 
345000 0.213447 
350000 0.209584 
355000 0.201740 
360000 0.211841 
365000 0.225235 
370000 0.214265 
375000 0.226194 
380000 0.233918 
385000 0.246476 
390000 0.239381 
395000 0.236234 
400000 0.242371 
405000 0.241963 
410000 0.239904 
415000 0.248223 
420000 0.267982 
425000 0.288001 
430000 0.252273 
435000 0.282223 
440000 0.271994 
445000 0.273968 
450000 0.286716 
455000 0.278109 
460000 0.278214 
465000 0.291753 
470000 0.301472 
475000 0.296908 
480000 0.305269 
485000 0.305525 
490000 0.299997 
495000 0.306656 
500000 0.314981 
505000 0.329310 
510000 0.327384 
515000 0.322323 
520000 0.329102 
525000 0.348008 
530000 0.341549 
535000 0.355154 
540000 0.366474 
545000 0.364107 
550000 0.349668 
555000 0.377411 
560000 0.372212 
565000 0.377414 
570000 0.377176 
575000 0.377200 
580000 0.393949 
585000 0.389707 
590000 0.408284 
595000 0.403821 
600000 0.382035 
605000 0.410290 
610000 0.403949 
615000 0.420151 
620000 0.425739 
625000 0.428604 
630000 0.417176 
635000 0.431801 
640000 0.434427 
645000 0.432995 
650000 0.450540 
655000 0.461006 
660000 0.452073 
665000 0.462355 
670000 0.481489 
675000 0.456548 
680000 0.470317 
685000 0.508978 
690000 0.499449 
695000 0.481150 
700000 0.494438 
705000 0.481852 
710000 0.490973 
715000 0.516524 
720000 0.506004 
725000 0.536142 
730000 0.519844 
735000 0.516051 
740000 0.540013 
745000 0.532702 
750000 0.554271 
755000 0.557434 
760000 0.531203 
765000 0.570617 
770000 0.537724 
775000 0.546321 
780000 0.576987 
785000 0.583907 
790000 0.579483 
795000 0.605561 
800000 0.574950 
805000 0.582903 
810000 0.601404 
815000 0.596793 
820000 0.630162 
825000 0.647340 
830000 0.595333 
835000 0.606734 
840000 0.617220 
845000 0.665387 
850000 0.635281 
855000 0.632769 
860000 0.646228 
865000 0.645363 
870000 0.660468 
875000 0.655827 
880000 0.669802 
885000 0.675548 
890000 0.684191 
895000 0.698463 
900000 0.703683 
905000 0.741411 
910000 0.687787 
915000 0.700361 
920000 0.717806 
925000 0.715481 
930000 0.710842 
935000 0.765895 
940000 0.741128 
945000 0.731660 
950000 0.784131 
955000 0.730903 
960000 0.818284 
965000 0.744939 
970000 0.771986 
975000 0.757848 
980000 0.772908 
985000 0.805478 
990000 0.774971 
995000 0.767787 
1000000 0.823219 
