300 0.000158
600 0.000356
900 0.000536
1200 0.000648
1500 0.000751
1800 0.000910
2100 0.000617
2400 0.000604
2700 0.000538
3000 0.000687
3300 0.000770
3600 0.000817
3900 0.000830
4200 0.001032
4500 0.001131
4800 0.001226
5100 0.001235
5400 0.001192
5700 0.001453
6000 0.001562
6300 0.001669
6600 0.001797
6900 0.001669
7200 0.002126
7500 0.001930
7800 0.002006
8100 0.002152
8400 0.002081
8700 0.002203
9000 0.002394
9300 0.002301
9600 0.002976
9900 0.003136
10200 0.002680
10500 0.002797
10800 0.003038
11100 0.003334
11400 0.003294
11700 0.003343
12000 0.003278
12300 0.003423
12600 0.003429
12900 0.003783
13200 0.003413
13500 0.004244
13800 0.004081
14100 0.003733
14400 0.004584
14700 0.004505
15000 0.003923
15300 0.004564
15600 0.005191
15900 0.005489
16200 0.005487
16500 0.004469
16800 0.004994
17100 0.005131
17400 0.005597
17700 0.004899
18000 0.005026
18300 0.005295
18600 0.005809
18900 0.005271
19200 0.005774
19500 0.006134
19800 0.005876
20100 0.007338
20400 0.006050
20700 0.006428
21000 0.006362
21300 0.006069
21600 0.006751
21900 0.006636
22200 0.007078
22500 0.007197
22800 0.007058
23100 0.006966
23400 0.007391
23700 0.007316
24000 0.007730
24300 0.007893
24600 0.007340
24900 0.007595
25200 0.008124
25500 0.008351
25800 0.007617
26100 0.008832
26400 0.008645
26700 0.008324
27000 0.008027
