300 0.000158
600 0.000312
900 0.000516
1200 0.000711
1500 0.000834
1800 0.001097
2100 0.000804
2400 0.000526
2700 0.000627
3000 0.000778
3300 0.000643
3600 0.000842
3900 0.000846
4200 0.001187
4500 0.001033
4800 0.001185
5100 0.001072
5400 0.001303
5700 0.001305
6000 0.001567
6300 0.001469
6600 0.001626
6900 0.001660
7200 0.001722
7500 0.001727
7800 0.001792
8100 0.002198
8400 0.002242
8700 0.002138
9000 0.002044
9300 0.002377
9600 0.002436
9900 0.002275
10200 0.002578
10500 0.002581
10800 0.002964
11100 0.002691
11400 0.002830
11700 0.003267
12000 0.003149
12300 0.003509
12600 0.003028
12900 0.003387
13200 0.003413
13500 0.003414
13800 0.003390
14100 0.003508
14400 0.004036
14700 0.004134
15000 0.003830
15300 0.003950
15600 0.004003
15900 0.004260
16200 0.004405
16500 0.005027
16800 0.004241
17100 0.004846
17400 0.005204
17700 0.004587
18000 0.005169
18300 0.004883
18600 0.004719
18900 0.005240
19200 0.005861
19500 0.004915
19800 0.006322
20100 0.005407
20400 0.006420
20700 0.005242
21000 0.005786
21300 0.005948
21600 0.005533
21900 0.006710
22200 0.006376
22500 0.005774
22800 0.006674
23100 0.007494
23400 0.006737
23700 0.006362
24000 0.006255
24300 0.007119
24600 0.006940
24900 0.006965
25200 0.007803
25500 0.007390
25800 0.006981
26100 0.007984
26400 0.007925
26700 0.007957
27000 0.007552
