1000 0.000000
2000 0.000001
3000 0.000000
4000 0.000001
5000 0.000000
6000 0.000001
7000 0.000001
8000 0.000001
9000 0.000001
10000 0.000002
11000 0.000001
12000 0.000001
13000 0.000001
14000 0.000001
15000 0.000001
16000 0.000001
17000 0.000001
18000 0.000001
19000 0.000001
20000 0.000001
21000 0.000001
22000 0.000001
23000 0.000001
24000 0.000001
25000 0.000001
26000 0.000001
27000 0.000001
28000 0.000001
29000 0.000000
30000 0.000001
31000 0.000001
32000 0.000001
33000 0.000001
34000 0.000001
35000 0.000002
36000 0.000001
37000 0.000001
38000 0.000001
39000 0.000001
40000 0.000001
41000 0.000001
42000 0.000001
43000 0.000001
44000 0.000001
45000 0.000001
46000 0.000001
47000 0.000001
48000 0.000002
49000 0.000001
50000 0.000002
51000 0.000001
52000 0.000002
53000 0.000001
54000 0.000001
55000 0.000001
56000 0.000001
57000 0.000001
58000 0.000002
59000 0.000001
60000 0.000002
61000 0.000001
62000 0.000001
63000 0.000001
64000 0.000002
65000 0.000001
66000 0.000001
67000 0.000001
68000 0.000002
69000 0.000002
70000 0.000002
71000 0.000001
72000 0.000001
73000 0.000002
74000 0.000002
75000 0.000001
76000 0.000001
77000 0.000002
78000 0.000001
79000 0.000002
80000 0.000001
81000 0.000001
82000 0.000002
83000 0.000001
84000 0.000001
85000 0.000002
86000 0.000002
87000 0.000001
88000 0.000002
89000 0.000001
90000 0.000002
91000 0.000002
92000 0.000001
93000 0.000002
94000 0.000001
95000 0.000001
96000 0.000001
97000 0.000002
98000 0.000001
99000 0.000001
100000 0.000002
101000 0.000002
102000 0.000001
103000 0.000001
104000 0.000002
105000 0.000002
106000 0.000001
107000 0.000001
108000 0.000001
109000 0.000002
110000 0.000002
111000 0.000002
112000 0.000001
113000 0.000001
114000 0.000001
115000 0.000002
116000 0.000001
117000 0.000001
118000 0.000002
119000 0.000002
120000 0.000001
121000 0.000001
122000 0.000001
123000 0.000002
124000 0.000003
125000 0.000003
126000 0.000001
127000 0.000002
128000 0.000002
129000 0.000002
130000 0.000002
131000 0.000002
132000 0.000001
133000 0.000001
134000 0.000002
135000 0.000002
136000 0.000002
137000 0.000001
138000 0.000001
139000 0.000002
140000 0.000001
141000 0.000001
142000 0.000001
143000 0.000002
144000 0.000002
145000 0.000001
146000 0.000002
147000 0.000002
148000 0.000002
149000 0.000002
150000 0.000001
151000 0.000002
152000 0.000001
153000 0.000002
154000 0.000002
155000 0.000002
156000 0.000002
157000 0.000003
158000 0.000002
159000 0.000002
160000 0.000002
161000 0.000002
162000 0.000002
163000 0.000002
164000 0.000003
165000 0.000003
166000 0.000003
167000 0.000002
168000 0.000001
169000 0.000002
170000 0.000003
171000 0.000003
172000 0.000002
173000 0.000001
174000 0.000002
175000 0.000002
176000 0.000002
177000 0.000002
178000 0.000002
179000 0.000002
180000 0.000002
181000 0.000002
182000 0.000002
183000 0.000002
184000 0.000002
185000 0.000002
186000 0.000001
187000 0.000003
188000 0.000002
189000 0.000001
190000 0.000014
191000 0.000002
192000 0.000003
193000 0.000002
194000 0.000002
195000 0.000003
196000 0.000003
197000 0.000003
198000 0.000002
199000 0.000002
200000 0.000002
201000 0.000004
202000 0.000003
203000 0.000003
204000 0.000003
205000 0.000003
206000 0.000002
207000 0.000002
208000 0.000002
209000 0.000002
210000 0.000003
211000 0.000003
212000 0.000004
213000 0.000003
214000 0.000002
215000 0.000003
216000 0.000002
217000 0.000003
218000 0.000002
219000 0.000003
220000 0.000003
221000 0.000002
222000 0.000003
223000 0.000002
224000 0.000002
225000 0.000002
226000 0.000002
227000 0.000002
228000 0.000001
229000 0.000002
230000 0.000002
231000 0.000002
232000 0.000002
233000 0.000002
234000 0.000003
235000 0.000002
236000 0.000002
237000 0.000002
238000 0.000003
239000 0.000002
240000 0.000003
241000 0.000003
242000 0.000003
243000 0.000002
244000 0.000003
245000 0.000002
246000 0.000002
247000 0.000003
248000 0.000002
249000 0.000003
250000 0.000002
251000 0.000002
252000 0.000003
253000 0.000002
254000 0.000003
255000 0.000002
256000 0.000002
257000 0.000002
258000 0.000003
259000 0.000003
260000 0.000002
261000 0.000002
262000 0.000003
263000 0.000003
264000 0.000002
265000 0.000003
266000 0.000002
267000 0.000004
268000 0.000002
269000 0.000002
270000 0.000002
271000 0.000003
272000 0.000002
273000 0.000002
274000 0.000002
275000 0.000002
276000 0.000002
277000 0.000002
278000 0.000012
279000 0.000002
280000 0.000002
281000 0.000002
282000 0.000002
283000 0.000002
284000 0.000003
285000 0.000002
286000 0.000002
287000 0.000003
288000 0.000001
289000 0.000002
290000 0.000001
291000 0.000002
292000 0.000002
293000 0.000002
294000 0.000002
295000 0.000002
296000 0.000002
297000 0.000002
298000 0.000003
299000 0.000002
300000 0.000001
301000 0.000002
302000 0.000003
303000 0.000002
304000 0.000002
305000 0.000002
306000 0.000001
307000 0.000002
308000 0.000003
309000 0.000002
310000 0.000002
311000 0.000002
312000 0.000002
313000 0.000003
314000 0.000002
315000 0.000002
316000 0.000003
317000 0.000003
318000 0.000011
319000 0.000004
320000 0.000002
321000 0.000002
322000 0.000002
323000 0.000002
324000 0.000003
325000 0.000004
326000 0.000004
327000 0.000003
328000 0.000004
329000 0.000003
330000 0.000003
331000 0.000003
332000 0.000003
333000 0.000002
334000 0.000002
335000 0.000002
336000 0.000014
337000 0.000002
338000 0.000002
339000 0.000004
340000 0.000002
341000 0.000003
342000 0.000003
343000 0.000003
344000 0.000004
345000 0.000002
346000 0.000002
347000 0.000002
348000 0.000003
349000 0.000003
350000 0.000002
351000 0.000002
352000 0.000003
353000 0.000003
354000 0.000002
355000 0.000002
356000 0.000002
357000 0.000003
358000 0.000002
359000 0.000004
360000 0.000004
361000 0.000003
362000 0.000003
363000 0.000004
364000 0.000002
365000 0.000002
366000 0.000003
367000 0.000003
368000 0.000003
369000 0.000004
370000 0.000002
371000 0.000003
372000 0.000003
373000 0.000003
374000 0.000002
375000 0.000003
376000 0.000003
377000 0.000003
378000 0.000003
379000 0.000002
380000 0.000002
381000 0.000002
382000 0.000003
383000 0.000004
384000 0.000003
385000 0.000003
386000 0.000003
387000 0.000003
388000 0.000003
389000 0.000002
390000 0.000002
391000 0.000003
392000 0.000003
393000 0.000003
394000 0.000004
395000 0.000002
396000 0.000026
397000 0.000004
398000 0.000005
399000 0.000004
400000 0.000004
401000 0.000003
402000 0.000003
403000 0.000004
404000 0.000004
405000 0.000004
406000 0.000003
407000 0.000003
408000 0.000003
409000 0.000004
410000 0.000003
411000 0.000004
412000 0.000003
413000 0.000003
414000 0.000003
415000 0.000003
416000 0.000002
417000 0.000002
418000 0.000004
419000 0.000004
420000 0.000003
421000 0.000003
422000 0.000004
423000 0.000002
424000 0.000003
425000 0.000005
426000 0.000003
427000 0.000002
428000 0.000003
429000 0.000003
430000 0.000004
431000 0.000003
432000 0.000002
433000 0.000002
434000 0.000003
435000 0.000003
436000 0.000003
437000 0.000004
438000 0.000004
439000 0.000003
440000 0.000003
441000 0.000004
442000 0.000002
443000 0.000004
444000 0.000003
445000 0.000003
446000 0.000003
447000 0.000003
448000 0.000003
449000 0.000003
450000 0.000003
451000 0.000003
452000 0.000004
453000 0.000004
454000 0.000004
455000 0.000003
456000 0.000002
457000 0.000003
458000 0.000004
459000 0.000003
460000 0.000002
461000 0.000003
462000 0.000002
463000 0.000002
464000 0.000004
465000 0.000004
466000 0.000003
467000 0.000003
468000 0.000002
469000 0.000003
470000 0.000003
471000 0.000004
472000 0.000003
473000 0.000002
474000 0.000003
475000 0.000003
476000 0.000004
477000 0.000003
478000 0.000003
479000 0.000004
480000 0.000002
481000 0.000003
482000 0.000003
483000 0.000003
484000 0.000004
485000 0.000003
486000 0.000003
487000 0.000002
488000 0.000004
489000 0.000003
490000 0.000003
491000 0.000003
492000 0.000004
493000 0.000004
494000 0.000003
495000 0.000004
496000 0.000002
497000 0.000005
498000 0.000003
499000 0.000004
500000 0.000003
501000 0.000002
502000 0.000003
503000 0.000002
504000 0.000003
505000 0.000004
506000 0.000002
507000 0.000003
508000 0.000003
509000 0.000002
510000 0.000002
511000 0.000004
512000 0.000005
513000 0.000003
514000 0.000003
515000 0.000003
516000 0.000004
517000 0.000003
518000 0.000004
519000 0.000004
520000 0.000005
521000 0.000003
522000 0.000004
523000 0.000004
524000 0.000003
525000 0.000003
526000 0.000003
527000 0.000003
528000 0.000003
529000 0.000004
530000 0.000003
531000 0.000003
532000 0.000003
533000 0.000003
534000 0.000003
535000 0.000002
536000 0.000002
537000 0.000003
538000 0.000003
539000 0.000003
540000 0.000004
541000 0.000004
542000 0.000003
543000 0.000002
544000 0.000003
545000 0.000002
546000 0.000003
547000 0.000003
548000 0.000004
549000 0.000004
550000 0.000003
551000 0.000003
552000 0.000002
553000 0.000002
554000 0.000003
555000 0.000003
556000 0.000003
557000 0.000003
558000 0.000002
559000 0.000002
560000 0.000003
561000 0.000002
562000 0.000002
563000 0.000003
564000 0.000004
565000 0.000002
566000 0.000003
567000 0.000003
568000 0.000003
569000 0.000004
570000 0.000003
571000 0.000004
572000 0.000004
573000 0.000004
574000 0.000003
575000 0.000002
576000 0.000003
577000 0.000004
578000 0.000002
579000 0.000003
580000 0.000003
581000 0.000003
582000 0.000003
583000 0.000003
584000 0.000003
585000 0.000003
586000 0.000003
587000 0.000003
588000 0.000003
589000 0.000004
590000 0.000004
591000 0.000003
592000 0.000003
593000 0.000004
594000 0.000003
595000 0.000003
596000 0.000002
597000 0.000005
598000 0.000009
599000 0.000003
600000 0.000003
601000 0.000005
602000 0.000003
603000 0.000003
604000 0.000003
605000 0.000002
606000 0.000003
607000 0.000003
608000 0.000004
609000 0.000004
610000 0.000005
611000 0.000004
612000 0.000003
613000 0.000003
614000 0.000003
615000 0.000004
616000 0.000003
617000 0.000005
618000 0.000003
619000 0.000004
620000 0.000004
621000 0.000003
622000 0.000005
623000 0.000003
624000 0.000003
625000 0.000003
626000 0.000003
627000 0.000003
628000 0.000005
629000 0.000003
630000 0.000004
631000 0.000004
632000 0.000000
633000 0.000002
634000 0.000003
635000 0.000003
636000 0.000003
637000 0.000002
638000 0.000002
639000 0.000002
640000 0.000004
641000 0.000002
642000 0.000002
643000 0.000003
644000 0.000005
645000 0.000004
646000 0.000003
647000 0.000004
648000 0.000003
649000 0.000002
650000 0.000005
651000 0.000003
652000 0.000004
653000 0.000003
654000 0.000004
655000 0.000004
656000 0.000004
657000 0.000002
658000 0.000003
659000 0.000005
660000 0.000003
661000 0.000003
662000 0.000004
663000 0.000003
664000 0.000003
665000 0.000005
666000 0.000002
667000 0.000005
668000 0.000003
669000 0.000004
670000 0.000005
671000 0.000004
672000 0.000003
673000 0.000004
674000 0.000004
675000 0.000002
676000 0.000004
677000 0.000002
678000 0.000004
679000 0.000002
680000 0.000003
681000 0.000005
682000 0.000004
683000 0.000004
684000 0.000003
685000 0.000004
686000 0.000004
687000 0.000003
688000 0.000003
689000 0.000005
690000 0.000003
691000 0.000002
692000 0.000003
693000 0.000005
694000 0.000003
695000 0.000003
696000 0.000002
697000 0.000003
698000 0.000002
699000 0.000003
700000 0.000004
701000 0.000004
702000 0.000003
703000 0.000004
704000 0.000003
705000 0.000003
706000 0.000003
707000 0.000004
708000 0.000005
709000 0.000004
710000 0.000004
711000 0.000004
712000 0.000003
713000 0.000004
714000 0.000004
715000 0.000003
716000 0.000004
717000 0.000003
718000 0.000003
719000 0.000003
720000 0.000004
721000 0.000004
722000 0.000002
723000 0.000005
724000 0.000005
725000 0.000003
726000 0.000003
727000 0.000005
728000 0.000003
729000 0.000003
730000 0.000004
731000 0.000003
732000 0.000004
733000 0.000005
734000 0.000003
735000 0.000004
736000 0.000004
737000 0.000004
738000 0.000004
739000 0.000003
740000 0.000003
741000 0.000002
742000 0.000003
743000 0.000002
744000 0.000002
745000 0.000003
746000 0.000004
747000 0.000004
748000 0.000003
749000 0.000004
750000 0.000004
751000 0.000004
752000 0.000002
753000 0.000003
754000 0.000003
755000 0.000003
756000 0.000003
757000 0.000003
758000 0.000003
759000 0.000004
760000 0.000004
761000 0.000003
762000 0.000003
763000 0.000003
764000 0.000003
765000 0.000004
766000 0.000004
767000 0.000004
768000 0.000003
769000 0.000002
770000 0.000004
771000 0.000004
772000 0.000003
773000 0.000002
774000 0.000002
775000 0.000003
776000 0.000003
777000 0.000004
778000 0.000005
779000 0.000004
780000 0.000005
781000 0.000003
782000 0.000003
783000 0.000003
784000 0.000002
785000 0.000003
786000 0.000003
787000 0.000005
788000 0.000004
789000 0.000003
790000 0.000012
791000 0.000004
792000 0.000004
793000 0.000004
794000 0.000003
795000 0.000002
796000 0.000006
797000 0.000005
798000 0.000003
799000 0.000003
800000 0.000004
801000 0.000003
802000 0.000004
803000 0.000003
804000 0.000004
805000 0.000011
806000 0.000004
807000 0.000002
808000 0.000003
809000 0.000004
810000 0.000002
811000 0.000003
812000 0.000004
813000 0.000003
814000 0.000005
815000 0.000005
816000 0.000004
817000 0.000004
818000 0.000004
819000 0.000002
820000 0.000003
821000 0.000002
822000 0.000006
823000 0.000005
824000 0.000004
825000 0.000004
826000 0.000003
827000 0.000004
828000 0.000005
829000 0.000004
830000 0.000004
831000 0.000002
832000 0.000004
833000 0.000003
834000 0.000002
835000 0.000003
836000 0.000005
837000 0.000005
838000 0.000004
839000 0.000003
840000 0.000005
841000 0.000003
842000 0.000004
843000 0.000005
844000 0.000004
845000 0.000002
846000 0.000002
847000 0.000010
848000 0.000002
849000 0.000004
850000 0.000004
851000 0.000004
852000 0.000003
853000 0.000004
854000 0.000003
855000 0.000003
856000 0.000002
857000 0.000002
858000 0.000004
859000 0.000003
860000 0.000004
861000 0.000003
862000 0.000003
863000 0.000004
864000 0.000003
865000 0.000004
866000 0.000004
867000 0.000004
868000 0.000003
869000 0.000004
870000 0.000004
871000 0.000005
872000 0.000003
873000 0.000002
874000 0.000004
875000 0.000002
876000 0.000004
877000 0.000002
878000 0.000003
879000 0.000004
880000 0.000005
881000 0.000005
882000 0.000004
883000 0.000003
884000 0.000002
885000 0.000004
886000 0.000004
887000 0.000004
888000 0.000005
889000 0.000006
890000 0.000004
891000 0.000004
892000 0.000004
893000 0.000002
894000 0.000002
895000 0.000005
896000 0.000005
897000 0.000002
898000 0.000004
899000 0.000004
900000 0.000004
901000 0.000003
902000 0.000005
903000 0.000003
904000 0.000005
905000 0.000002
906000 0.000004
907000 0.000004
908000 0.000002
909000 0.000004
910000 0.000002
911000 0.000004
912000 0.000005
913000 0.000012
914000 0.000003
915000 0.000006
916000 0.000003
917000 0.000003
918000 0.000004
919000 0.000004
920000 0.000002
921000 0.000006
922000 0.000005
923000 0.000005
924000 0.000002
925000 0.000004
926000 0.000005
927000 0.000005
928000 0.000003
929000 0.000004
930000 0.000005
931000 0.000004
932000 0.000003
933000 0.000005
934000 0.000004
935000 0.000003
936000 0.000005
937000 0.000004
938000 0.000003
939000 0.000003
940000 0.000016
941000 0.000003
942000 0.000005
943000 0.000004
944000 0.000004
945000 0.000004
946000 0.000005
947000 0.000004
948000 0.000006
949000 0.000005
950000 0.000003
951000 0.000003
952000 0.000004
953000 0.000004
954000 0.000004
955000 0.000005
956000 0.000006
957000 0.000004
958000 0.000003
959000 0.000005
960000 0.000005
961000 0.000004
962000 0.000003
963000 0.000005
964000 0.000003
965000 0.000003
966000 0.000004
967000 0.000004
968000 0.000004
969000 0.000004
970000 0.000005
971000 0.000004
972000 0.000004
973000 0.000003
974000 0.000004
975000 0.000003
976000 0.000005
977000 0.000005
978000 0.000004
979000 0.000004
980000 0.000005
981000 0.000003
982000 0.000003
983000 0.000003
984000 0.000003
985000 0.000003
986000 0.000004
987000 0.000003
988000 0.000005
989000 0.000003
990000 0.000004
991000 0.000002
992000 0.000004
993000 0.000004
994000 0.000004
995000 0.000003
996000 0.000004
997000 0.000003
998000 0.000004
999000 0.000004
1000000 0.000003
1001000 0.000004
1002000 0.000003
1003000 0.000005
1004000 0.000003
1005000 0.000003
1006000 0.000002
1007000 0.000004
1008000 0.000002
1009000 0.000003
1010000 0.000005
1011000 0.000003
1012000 0.000004
1013000 0.000005
1014000 0.000005
1015000 0.000002
1016000 0.000003
1017000 0.000005
1018000 0.000004
1019000 0.000005
1020000 0.000004
1021000 0.000003
1022000 0.000003
1023000 0.000004
1024000 0.000004
1025000 0.000003
1026000 0.000002
1027000 0.000004
1028000 0.000004
1029000 0.000003
1030000 0.000003
1031000 0.000005
1032000 0.000003
1033000 0.000005
1034000 0.000006
1035000 0.000004
1036000 0.000005
1037000 0.000004
1038000 0.000004
1039000 0.000005
1040000 0.000004
1041000 0.000004
1042000 0.000003
1043000 0.000005
1044000 0.000005
1045000 0.000004
1046000 0.000003
1047000 0.000002
1048000 0.000002
1049000 0.000004
1050000 0.000003
1051000 0.000003
1052000 0.000004
1053000 0.000003
1054000 0.000003
1055000 0.000005
1056000 0.000002
1057000 0.000004
1058000 0.000002
1059000 0.000009
1060000 0.000003
1061000 0.000004
1062000 0.000004
1063000 0.000005
1064000 0.000003
1065000 0.000005
1066000 0.000005
1067000 0.000003
1068000 0.000004
1069000 0.000005
1070000 0.000004
1071000 0.000004
1072000 0.000003
1073000 0.000005
1074000 0.000005
1075000 0.000006
1076000 0.000005
1077000 0.000005
1078000 0.000003
1079000 0.000003
1080000 0.000004
1081000 0.000004
1082000 0.000004
1083000 0.000003
1084000 0.000005
1085000 0.000006
1086000 0.000005
1087000 0.000005
1088000 0.000005
1089000 0.000004
1090000 0.000005
1091000 0.000003
1092000 0.000003
1093000 0.000004
1094000 0.000004
1095000 0.000004
1096000 0.000004
1097000 0.000005
1098000 0.000003
1099000 0.000004
1100000 0.000006
1101000 0.000005
1102000 0.000005
1103000 0.000005
1104000 0.000005
1105000 0.000003
1106000 0.000005
1107000 0.000003
1108000 0.000004
1109000 0.000003
1110000 0.000003
1111000 0.000002
1112000 0.000004
1113000 0.000004
1114000 0.000004
1115000 0.000005
1116000 0.000002
1117000 0.000003
1118000 0.000004
1119000 0.000004
1120000 0.000005
1121000 0.000013
1122000 0.000004
1123000 0.000003
1124000 0.000006
1125000 0.000006
1126000 0.000002
1127000 0.000002
1128000 0.000005
1129000 0.000005
1130000 0.000003
1131000 0.000004
1132000 0.000004
1133000 0.000003
1134000 0.000004
1135000 0.000003
1136000 0.000003
1137000 0.000004
1138000 0.000003
1139000 0.000004
1140000 0.000002
1141000 0.000004
1142000 0.000005
1143000 0.000003
1144000 0.000006
1145000 0.000005
1146000 0.000003
1147000 0.000004
1148000 0.000005
1149000 0.000002
1150000 0.000003
1151000 0.000004
1152000 0.000003
1153000 0.000004
1154000 0.000004
1155000 0.000007
1156000 0.000003
1157000 0.000003
1158000 0.000003
1159000 0.000005
1160000 0.000004
1161000 0.000003
1162000 0.000003
1163000 0.000004
1164000 0.000005
1165000 0.000005
1166000 0.000005
1167000 0.000002
1168000 0.000005
1169000 0.000004
1170000 0.000005
1171000 0.000005
1172000 0.000011
1173000 0.000006
1174000 0.000005
1175000 0.000005
1176000 0.000003
1177000 0.000003
1178000 0.000005
1179000 0.000003
1180000 0.000002
1181000 0.000003
1182000 0.000004
1183000 0.000006
1184000 0.000002
1185000 0.000004
1186000 0.000003
1187000 0.000005
1188000 0.000005
1189000 0.000004
1190000 0.000003
1191000 0.000003
1192000 0.000002
1193000 0.000005
1194000 0.000005
1195000 0.000003
1196000 0.000004
1197000 0.000004
1198000 0.000005
1199000 0.000005
1200000 0.000002
1201000 0.000005
1202000 0.000005
1203000 0.000004
1204000 0.000003
1205000 0.000003
1206000 0.000004
1207000 0.000004
1208000 0.000005
1209000 0.000002
1210000 0.000003
1211000 0.000004
1212000 0.000005
1213000 0.000004
1214000 0.000005
1215000 0.000004
1216000 0.000004
1217000 0.000004
1218000 0.000005
1219000 0.000005
1220000 0.000005
1221000 0.000004
1222000 0.000005
1223000 0.000003
1224000 0.000003
1225000 0.000004
1226000 0.000005
1227000 0.000004
1228000 0.000006
1229000 0.000005
1230000 0.000004
1231000 0.000005
1232000 0.000006
1233000 0.000004
1234000 0.000005
1235000 0.000004
1236000 0.000005
1237000 0.000004
1238000 0.000003
1239000 0.000004
1240000 0.000003
1241000 0.000003
1242000 0.000005
1243000 0.000006
1244000 0.000005
1245000 0.000003
1246000 0.000002
1247000 0.000004
1248000 0.000004
1249000 0.000006
1250000 0.000005
1251000 0.000004
1252000 0.000005
1253000 0.000005
1254000 0.000014
1255000 0.000004
1256000 0.000004
1257000 0.000005
1258000 0.000002
1259000 0.000005
1260000 0.000006
1261000 0.000006
1262000 0.000004
1263000 0.000005
1264000 0.000006
1265000 0.000004
1266000 0.000004
1267000 0.000005
1268000 0.000004
1269000 0.000003
1270000 0.000003
1271000 0.000004
1272000 0.000004
1273000 0.000003
1274000 0.000005
1275000 0.000005
1276000 0.000005
1277000 0.000005
1278000 0.000005
1279000 0.000005
1280000 0.000005
1281000 0.000005
1282000 0.000006
1283000 0.000004
1284000 0.000002
1285000 0.000004
1286000 0.000003
1287000 0.000005
1288000 0.000007
1289000 0.000003
1290000 0.000005
1291000 0.000004
1292000 0.000005
1293000 0.000003
1294000 0.000003
1295000 0.000003
1296000 0.000004
1297000 0.000005
1298000 0.000004
1299000 0.000002
1300000 0.000006
1301000 0.000005
1302000 0.000006
1303000 0.000005
1304000 0.000003
1305000 0.000003
1306000 0.000004
1307000 0.000003
1308000 0.000006
1309000 0.000004
1310000 0.000007
1311000 0.000003
1312000 0.000004
1313000 0.000002
1314000 0.000005
1315000 0.000004
1316000 0.000005
1317000 0.000005
1318000 0.000003
1319000 0.000002
1320000 0.000005
1321000 0.000004
1322000 0.000006
1323000 0.000005
1324000 0.000006
1325000 0.000002
1326000 0.000006
1327000 0.000004
1328000 0.000004
1329000 0.000002
1330000 0.000002
1331000 0.000004
1332000 0.000002
1333000 0.000002
1334000 0.000005
1335000 0.000005
1336000 0.000003
1337000 0.000003
1338000 0.000005
1339000 0.000002
1340000 0.000004
1341000 0.000003
1342000 0.000006
1343000 0.000003
1344000 0.000006
1345000 0.000006
1346000 0.000006
1347000 0.000006
1348000 0.000004
1349000 0.000005
1350000 0.000002
1351000 0.000004
1352000 0.000007
1353000 0.000003
1354000 0.000004
1355000 0.000004
1356000 0.000002
1357000 0.000002
1358000 0.000005
1359000 0.000002
1360000 0.000006
1361000 0.000003
1362000 0.000004
1363000 0.000004
1364000 0.000003
1365000 0.000004
1366000 0.000004
1367000 0.000003
1368000 0.000005
1369000 0.000004
1370000 0.000005
1371000 0.000003
1372000 0.000003
1373000 0.000003
1374000 0.000005
1375000 0.000006
1376000 0.000004
1377000 0.000004
1378000 0.000003
1379000 0.000004
1380000 0.000003
1381000 0.000005
1382000 0.000004
1383000 0.000005
1384000 0.000005
1385000 0.000005
1386000 0.000003
1387000 0.000003
1388000 0.000001
1389000 0.000003
1390000 0.000004
1391000 0.000007
1392000 0.000005
1393000 0.000004
1394000 0.000002
1395000 0.000005
1396000 0.000002
1397000 0.000005
1398000 0.000003
1399000 0.000004
1400000 0.000005
1401000 0.000003
1402000 0.000006
1403000 0.000004
1404000 0.000002
1405000 0.000006
1406000 0.000002
1407000 0.000003
1408000 0.000005
1409000 0.000005
1410000 0.000003
1411000 0.000006
1412000 0.000003
1413000 0.000002
1414000 0.000003
1415000 0.000004
1416000 0.000005
1417000 0.000006
1418000 0.000005
1419000 0.000006
1420000 0.000007
1421000 0.000005
1422000 0.000002
1423000 0.000004
1424000 0.000006
1425000 0.000006
1426000 0.000003
1427000 0.000003
1428000 0.000005
1429000 0.000003
1430000 0.000006
1431000 0.000004
1432000 0.000003
1433000 0.000005
1434000 0.000004
1435000 0.000004
1436000 0.000005
1437000 0.000003
1438000 0.000004
1439000 0.000005
1440000 0.000003
1441000 0.000002
1442000 0.000004
1443000 0.000004
1444000 0.000004
1445000 0.000003
1446000 0.000004
1447000 0.000003
1448000 0.000003
1449000 0.000004
1450000 0.000004
1451000 0.000004
1452000 0.000003
1453000 0.000007
1454000 0.000005
1455000 0.000004
1456000 0.000003
1457000 0.000006
1458000 0.000006
1459000 0.000010
1460000 0.000004
1461000 0.000005
1462000 0.000006
1463000 0.000004
1464000 0.000008
1465000 0.000004
1466000 0.000002
1467000 0.000005
1468000 0.000004
1469000 0.000005
1470000 0.000005
1471000 0.000005
1472000 0.000003
1473000 0.000004
1474000 0.000003
1475000 0.000007
1476000 0.000004
1477000 0.000005
1478000 0.000002
1479000 0.000003
1480000 0.000006
1481000 0.000005
1482000 0.000005
1483000 0.000004
1484000 0.000007
1485000 0.000005
1486000 0.000004
1487000 0.000005
1488000 0.000005
1489000 0.000003
1490000 0.000004
1491000 0.000004
1492000 0.000006
1493000 0.000003
1494000 0.000004
1495000 0.000003
1496000 0.000005
1497000 0.000005
1498000 0.000005
1499000 0.000002
1500000 0.000006
1501000 0.000004
1502000 0.000004
1503000 0.000005
1504000 0.000004
1505000 0.000004
1506000 0.000006
1507000 0.000006
1508000 0.000005
1509000 0.000006
1510000 0.000003
1511000 0.000004
1512000 0.000003
1513000 0.000006
1514000 0.000003
1515000 0.000003
1516000 0.000002
1517000 0.000005
1518000 0.000003
1519000 0.000004
1520000 0.000005
1521000 0.000006
1522000 0.000004
1523000 0.000005
1524000 0.000005
1525000 0.000002
1526000 0.000003
1527000 0.000004
1528000 0.000007
1529000 0.000002
1530000 0.000003
1531000 0.000006
1532000 0.000005
1533000 0.000006
1534000 0.000006
1535000 0.000003
1536000 0.000004
1537000 0.000004
1538000 0.000006
1539000 0.000005
1540000 0.000005
1541000 0.000003
1542000 0.000004
1543000 0.000003
1544000 0.000005
1545000 0.000005
1546000 0.000005
1547000 0.000005
1548000 0.000003
1549000 0.000004
1550000 0.000007
1551000 0.000003
1552000 0.000004
1553000 0.000005
1554000 0.000003
1555000 0.000006
1556000 0.000005
1557000 0.000004
1558000 0.000006
1559000 0.000007
1560000 0.000005
1561000 0.000004
1562000 0.000005
1563000 0.000005
1564000 0.000006
1565000 0.000003
1566000 0.000005
1567000 0.000004
1568000 0.000006
1569000 0.000006
1570000 0.000004
1571000 0.000004
1572000 0.000005
1573000 0.000004
1574000 0.000006
1575000 0.000002
1576000 0.000006
1577000 0.000006
1578000 0.000003
1579000 0.000005
1580000 0.000004
1581000 0.000004
1582000 0.000005
1583000 0.000004
1584000 0.000003
1585000 0.000005
1586000 0.000006
1587000 0.000006
1588000 0.000006
1589000 0.000007
1590000 0.000006
1591000 0.000003
1592000 0.000004
1593000 0.000007
1594000 0.000004
1595000 0.000004
1596000 0.000006
1597000 0.000005
1598000 0.000006
1599000 0.000005
1600000 0.000005
1601000 0.000005
1602000 0.000005
1603000 0.000002
1604000 0.000003
1605000 0.000005
1606000 0.000006
1607000 0.000005
1608000 0.000005
1609000 0.000003
1610000 0.000004
1611000 0.000006
1612000 0.000004
1613000 0.000006
1614000 0.000002
1615000 0.000007
1616000 0.000006
1617000 0.000006
1618000 0.000005
1619000 0.000006
1620000 0.000006
1621000 0.000004
1622000 0.000003
1623000 0.000003
1624000 0.000003
1625000 0.000004
1626000 0.000007
1627000 0.000005
1628000 0.000006
1629000 0.000003
1630000 0.000012
1631000 0.000004
1632000 0.000002
1633000 0.000004
1634000 0.000002
1635000 0.000007
1636000 0.000006
1637000 0.000006
1638000 0.000004
1639000 0.000005
1640000 0.000002
1641000 0.000002
1642000 0.000005
1643000 0.000006
1644000 0.000003
1645000 0.000005
1646000 0.000003
1647000 0.000005
1648000 0.000004
1649000 0.000003
1650000 0.000006
1651000 0.000006
1652000 0.000004
1653000 0.000006
1654000 0.000002
1655000 0.000006
1656000 0.000003
1657000 0.000004
1658000 0.000007
1659000 0.000005
1660000 0.000004
1661000 0.000003
1662000 0.000003
1663000 0.000004
1664000 0.000003
1665000 0.000004
1666000 0.000005
1667000 0.000022
1668000 0.000005
1669000 0.000007
1670000 0.000005
1671000 0.000006
1672000 0.000005
1673000 0.000007
1674000 0.000004
1675000 0.000006
1676000 0.000005
1677000 0.000002
1678000 0.000004
1679000 0.000004
1680000 0.000003
1681000 0.000002
1682000 0.000005
1683000 0.000007
1684000 0.000003
1685000 0.000004
1686000 0.000005
1687000 0.000007
1688000 0.000006
1689000 0.000005
1690000 0.000004
1691000 0.000004
1692000 0.000004
1693000 0.000005
1694000 0.000005
1695000 0.000004
1696000 0.000006
1697000 0.000004
1698000 0.000003
1699000 0.000004
1700000 0.000005
1701000 0.000004
1702000 0.000006
1703000 0.000004
1704000 0.000007
1705000 0.000005
1706000 0.000003
1707000 0.000008
1708000 0.000002
1709000 0.000007
1710000 0.000005
1711000 0.000004
1712000 0.000002
1713000 0.000007
1714000 0.000005
1715000 0.000005
1716000 0.000005
1717000 0.000004
1718000 0.000007
1719000 0.000006
1720000 0.000003
1721000 0.000004
1722000 0.000007
1723000 0.000007
1724000 0.000006
1725000 0.000006
1726000 0.000007
1727000 0.000003
1728000 0.000005
1729000 0.000005
1730000 0.000003
1731000 0.000004
1732000 0.000006
1733000 0.000006
1734000 0.000004
1735000 0.000005
1736000 0.000006
1737000 0.000005
1738000 0.000007
1739000 0.000005
1740000 0.000005
1741000 0.000004
1742000 0.000003
1743000 0.000003
1744000 0.000007
1745000 0.000004
1746000 0.000008
1747000 0.000004
1748000 0.000007
1749000 0.000007
1750000 0.000005
1751000 0.000005
1752000 0.000003
1753000 0.000003
1754000 0.000004
1755000 0.000005
1756000 0.000004
1757000 0.000007
1758000 0.000005
1759000 0.000002
1760000 0.000007
1761000 0.000003
1762000 0.000004
1763000 0.000004
1764000 0.000005
1765000 0.000007
1766000 0.000003
1767000 0.000006
1768000 0.000004
1769000 0.000007
1770000 0.000003
1771000 0.000003
1772000 0.000005
1773000 0.000003
1774000 0.000004
1775000 0.000006
1776000 0.000002
1777000 0.000006
1778000 0.000005
1779000 0.000003
1780000 0.000004
1781000 0.000005
1782000 0.000007
1783000 0.000003
1784000 0.000007
1785000 0.000004
1786000 0.000005
1787000 0.000007
1788000 0.000007
1789000 0.000005
1790000 0.000005
1791000 0.000005
1792000 0.000003
1793000 0.000006
1794000 0.000008
1795000 0.000009
1796000 0.000004
1797000 0.000004
1798000 0.000003
1799000 0.000007
1800000 0.000007
1801000 0.000006
1802000 0.000002
1803000 0.000006
1804000 0.000007
1805000 0.000007
1806000 0.000003
1807000 0.000003
1808000 0.000006
1809000 0.000007
1810000 0.000007
1811000 0.000005
1812000 0.000005
1813000 0.000007
1814000 0.000007
1815000 0.000005
1816000 0.000005
1817000 0.000005
1818000 0.000007
1819000 0.000006
1820000 0.000004
1821000 0.000003
1822000 0.000005
1823000 0.000003
1824000 0.000006
1825000 0.000007
1826000 0.000007
1827000 0.000003
1828000 0.000007
1829000 0.000005
1830000 0.000006
1831000 0.000002
1832000 0.000008
1833000 0.000004
1834000 0.000006
1835000 0.000004
1836000 0.000008
1837000 0.000004
1838000 0.000005
1839000 0.000004
1840000 0.000004
1841000 0.000003
1842000 0.000007
1843000 0.000003
1844000 0.000004
1845000 0.000005
1846000 0.000005
1847000 0.000006
1848000 0.000006
1849000 0.000005
1850000 0.000003
1851000 0.000006
1852000 0.000004
1853000 0.000005
1854000 0.000003
1855000 0.000005
1856000 0.000004
1857000 0.000006
1858000 0.000009
1859000 0.000005
1860000 0.000004
1861000 0.000006
1862000 0.000004
1863000 0.000005
1864000 0.000007
1865000 0.000006
1866000 0.000005
1867000 0.000005
1868000 0.000007
1869000 0.000007
1870000 0.000003
1871000 0.000004
1872000 0.000003
1873000 0.000005
1874000 0.000002
1875000 0.000005
1876000 0.000007
1877000 0.000004
1878000 0.000003
1879000 0.000004
1880000 0.000007
1881000 0.000003
1882000 0.000003
1883000 0.000007
1884000 0.000004
1885000 0.000006
1886000 0.000004
1887000 0.000004
1888000 0.000008
1889000 0.000002
1890000 0.000007
1891000 0.000007
1892000 0.000007
1893000 0.000004
1894000 0.000004
1895000 0.000004
1896000 0.000006
1897000 0.000003
1898000 0.000005
1899000 0.000005
1900000 0.000006
1901000 0.000003
1902000 0.000006
1903000 0.000007
1904000 0.000006
1905000 0.000008
1906000 0.000004
1907000 0.000005
1908000 0.000005
1909000 0.000003
1910000 0.000006
1911000 0.000003
1912000 0.000004
1913000 0.000006
1914000 0.000005
1915000 0.000003
1916000 0.000005
1917000 0.000005
1918000 0.000004
1919000 0.000003
1920000 0.000003
1921000 0.000005
1922000 0.000006
1923000 0.000002
1924000 0.000003
1925000 0.000004
1926000 0.000004
1927000 0.000006
1928000 0.000008
1929000 0.000008
1930000 0.000006
1931000 0.000009
1932000 0.000004
1933000 0.000008
1934000 0.000007
1935000 0.000004
1936000 0.000005
1937000 0.000003
1938000 0.000004
1939000 0.000004
1940000 0.000004
1941000 0.000004
1942000 0.000003
1943000 0.000004
1944000 0.000006
1945000 0.000003
1946000 0.000003
1947000 0.000007
1948000 0.000008
1949000 0.000004
1950000 0.000005
1951000 0.000009
1952000 0.000006
1953000 0.000009
1954000 0.000008
1955000 0.000007
1956000 0.000005
1957000 0.000003
1958000 0.000004
1959000 0.000003
1960000 0.000006
1961000 0.000005
1962000 0.000005
1963000 0.000007
1964000 0.000005
1965000 0.000005
1966000 0.000007
1967000 0.000006
1968000 0.000006
1969000 0.000002
1970000 0.000004
1971000 0.000006
1972000 0.000005
1973000 0.000006
1974000 0.000003
1975000 0.000004
1976000 0.000003
1977000 0.000006
1978000 0.000003
1979000 0.000006
1980000 0.000006
1981000 0.000004
1982000 0.000005
1983000 0.000003
1984000 0.000003
1985000 0.000005
1986000 0.000006
1987000 0.000004
1988000 0.000004
1989000 0.000004
1990000 0.000004
1991000 0.000003
1992000 0.000006
1993000 0.000005
1994000 0.000005
1995000 0.000006
1996000 0.000004
1997000 0.000007
1998000 0.000002
1999000 0.000006
2000000 0.000005
