1000 0.000001
2000 0.000001
3000 0.000003
4000 0.000001
5000 0.000005
6000 0.000003
7000 0.000003
8000 0.000001
9000 0.000003
10000 0.000005
11000 0.000002
12000 0.000001
13000 0.000003
14000 0.000001
15000 0.000003
16000 0.000002
17000 0.000004
18000 0.000006
19000 0.000006
20000 0.000001
21000 0.000007
22000 0.000001
23000 0.000010
24000 0.000002
25000 0.000000
26000 0.000002
27000 0.000004
28000 0.000004
29000 0.000005
30000 0.000009
31000 0.000004
32000 0.000001
33000 0.000002
34000 0.000009
35000 0.000002
36000 0.000003
37000 0.000001
38000 0.000002
39000 0.000002
40000 0.000002
41000 0.000002
42000 0.000002
43000 0.000002
44000 0.000002
45000 0.000001
46000 0.000005
47000 0.000002
48000 0.000003
49000 0.000002
50000 0.000005
51000 0.000003
52000 0.000002
53000 0.000002
54000 0.000002
55000 0.000003
56000 0.000009
57000 0.000002
58000 0.000002
59000 0.000005
60000 0.000002
61000 0.000004
62000 0.000002
63000 0.000004
64000 0.000003
65000 0.000005
66000 0.000002
67000 0.000003
68000 0.000002
69000 0.000005
70000 0.000004
71000 0.000002
72000 0.000001
73000 0.000006
74000 0.000001
75000 0.000001
76000 0.000005
77000 0.000003
78000 0.000013
79000 0.000001
80000 0.000003
81000 0.000001
82000 0.000012
83000 0.000014
84000 0.000003
85000 0.000003
86000 0.000004
87000 0.000002
88000 0.000005
89000 0.000003
90000 0.000002
91000 0.000003
92000 0.000002
93000 0.000007
94000 0.000006
95000 0.000002
96000 0.000007
97000 0.000007
98000 0.000003
99000 0.000001
100000 0.000002
101000 0.000006
102000 0.000004
103000 0.000012
104000 0.000000
105000 0.000002
106000 0.000003
107000 0.000005
108000 0.000001
109000 0.000005
110000 0.000003
111000 0.000002
112000 0.000002
113000 0.000003
114000 0.000004
115000 0.000002
116000 0.000007
117000 0.000004
118000 0.000001
119000 0.000009
120000 0.000002
121000 0.000006
122000 0.000004
123000 0.000001
124000 0.000002
125000 0.000002
126000 0.000002
127000 0.000008
128000 0.000007
129000 0.000003
130000 0.000004
131000 0.000005
132000 0.000001
133000 0.000009
134000 0.000004
135000 0.000005
136000 0.000004
137000 0.000002
138000 0.000005
139000 0.000001
140000 0.000001
141000 0.000007
142000 0.000003
143000 0.000006
144000 0.000003
145000 0.000002
146000 0.000010
147000 0.000002
148000 0.000002
149000 0.000011
150000 0.000009
151000 0.000001
152000 0.000003
153000 0.000003
154000 0.000001
155000 0.000002
156000 0.000002
157000 0.000002
158000 0.000006
159000 0.000002
160000 0.000006
161000 0.000002
162000 0.000002
163000 0.000004
164000 0.000007
165000 0.000001
166000 0.000004
167000 0.000005
168000 0.000005
169000 0.000003
170000 0.000003
171000 0.000012
172000 0.000002
173000 0.000011
174000 0.000004
175000 0.000002
176000 0.000003
177000 0.000004
178000 0.000006
179000 0.000001
180000 0.000001
181000 0.000003
182000 0.000001
183000 0.000001
184000 0.000003
185000 0.000001
186000 0.000003
187000 0.000001
188000 0.000001
189000 0.000002
190000 0.000001
191000 0.000006
192000 0.000008
193000 0.000004
194000 0.000004
195000 0.000006
196000 0.000005
197000 0.000005
198000 0.000005
199000 0.000006
200000 0.000003
201000 0.000005
202000 0.000007
203000 0.000001
204000 0.000006
205000 0.000004
206000 0.000007
207000 0.000005
208000 0.000005
209000 0.000003
210000 0.000003
211000 0.000004
212000 0.000004
213000 0.000007
214000 0.000001
215000 0.000003
216000 0.000004
217000 0.000005
218000 0.000004
219000 0.000002
220000 0.000001
221000 0.000001
222000 0.000002
223000 0.000002
224000 0.000001
225000 0.000003
226000 0.000004
227000 0.000002
228000 0.000002
229000 0.000009
230000 0.000002
231000 0.000005
232000 0.000002
233000 0.000007
234000 0.000004
235000 0.000003
236000 0.000012
237000 0.000006
238000 0.000004
239000 0.000004
240000 0.000005
241000 0.000003
242000 0.000002
243000 0.000002
244000 0.000002
245000 0.000008
246000 0.000001
247000 0.000004
248000 0.000004
249000 0.000001
250000 0.000002
251000 0.000002
252000 0.000002
253000 0.000003
254000 0.000004
255000 0.000002
256000 0.000003
257000 0.000008
258000 0.000003
259000 0.000002
260000 0.000004
261000 0.000001
262000 0.000002
263000 0.000002
264000 0.000002
265000 0.000003
266000 0.000004
267000 0.000002
268000 0.000002
269000 0.000006
270000 0.000006
271000 0.000001
272000 0.000002
273000 0.000002
274000 0.000003
275000 0.000003
276000 0.000008
277000 0.000003
278000 0.000001
279000 0.000003
280000 0.000008
281000 0.000001
282000 0.000003
283000 0.000002
284000 0.000008
285000 0.000002
286000 0.000001
287000 0.000009
288000 0.000001
289000 0.000004
290000 0.000001
291000 0.000006
292000 0.000003
293000 0.000010
294000 0.000006
295000 0.000005
296000 0.000002
297000 0.000007
298000 0.000006
299000 0.000004
300000 0.000004
301000 0.000001
302000 0.000003
303000 0.000009
304000 0.000008
305000 0.000004
306000 0.000004
307000 0.000011
308000 0.000009
309000 0.000001
310000 0.000005
311000 0.000003
312000 0.000009
313000 0.000002
314000 0.000003
315000 0.000002
316000 0.000001
317000 0.000002
318000 0.000005
319000 0.000005
320000 0.000013
321000 0.000001
322000 0.000002
323000 0.000002
324000 0.000002
325000 0.000001
326000 0.000015
327000 0.000003
328000 0.000002
329000 0.000001
330000 0.000001
331000 0.000005
332000 0.000002
333000 0.000003
334000 0.000006
335000 0.000002
336000 0.000002
337000 0.000006
338000 0.000003
339000 0.000003
340000 0.000002
341000 0.000002
342000 0.000003
343000 0.000005
344000 0.000002
345000 0.000005
346000 0.000008
347000 0.000011
348000 0.000006
349000 0.000003
350000 0.000006
351000 0.000002
352000 0.000002
353000 0.000006
354000 0.000001
355000 0.000002
356000 0.000016
357000 0.000001
358000 0.000005
359000 0.000004
360000 0.000002
361000 0.000005
362000 0.000011
363000 0.000003
364000 0.000004
365000 0.000002
366000 0.000003
367000 0.000003
368000 0.000006
369000 0.000010
370000 0.000016
371000 0.000008
372000 0.000008
373000 0.000001
374000 0.000004
375000 0.000002
376000 0.000004
377000 0.000006
378000 0.000002
379000 0.000004
380000 0.000002
381000 0.000002
382000 0.000003
383000 0.000009
384000 0.000004
385000 0.000005
386000 0.000006
387000 0.000006
388000 0.000001
389000 0.000008
390000 0.000001
391000 0.000004
392000 0.000001
393000 0.000002
394000 0.000001
395000 0.000005
396000 0.000002
397000 0.000003
398000 0.000002
399000 0.000004
400000 0.000008
401000 0.000001
402000 0.000003
403000 0.000003
404000 0.000013
405000 0.000002
406000 0.000003
407000 0.000003
408000 0.000005
409000 0.000002
410000 0.000005
411000 0.000002
412000 0.000005
413000 0.000007
414000 0.000007
415000 0.000002
416000 0.000002
417000 0.000003
418000 0.000002
419000 0.000005
420000 0.000004
421000 0.000004
422000 0.000005
423000 0.000005
424000 0.000006
425000 0.000004
426000 0.000004
427000 0.000001
428000 0.000002
429000 0.000001
430000 0.000006
431000 0.000010
432000 0.000009
433000 0.000002
434000 0.000003
435000 0.000002
436000 0.000006
437000 0.000006
438000 0.000010
439000 0.000005
440000 0.000003
441000 0.000010
442000 0.000002
443000 0.000001
444000 0.000003
445000 0.000004
446000 0.000002
447000 0.000005
448000 0.000001
449000 0.000004
450000 0.000008
451000 0.000003
452000 0.000002
453000 0.000002
454000 0.000001
455000 0.000001
456000 0.000005
457000 0.000010
458000 0.000002
459000 0.000002
460000 0.000006
461000 0.000010
462000 0.000005
463000 0.000006
464000 0.000007
465000 0.000015
466000 0.000011
467000 0.000002
468000 0.000012
469000 0.000003
470000 0.000002
471000 0.000001
472000 0.000011
473000 0.000003
474000 0.000003
475000 0.000005
476000 0.000002
477000 0.000006
478000 0.000003
479000 0.000007
480000 0.000005
481000 0.000014
482000 0.000005
483000 0.000005
484000 0.000004
485000 0.000002
486000 0.000003
487000 0.000003
488000 0.000002
489000 0.000005
490000 0.000001
491000 0.000002
492000 0.000002
493000 0.000018
494000 0.000008
495000 0.000002
496000 0.000002
497000 0.000005
498000 0.000001
499000 0.000004
500000 0.000006
501000 0.000001
502000 0.000007
503000 0.000004
504000 0.000008
505000 0.000004
506000 0.000003
507000 0.000005
508000 0.000007
509000 0.000003
510000 0.000007
511000 0.000002
512000 0.000001
513000 0.000002
514000 0.000002
515000 0.000002
516000 0.000003
517000 0.000002
518000 0.000003
519000 0.000004
520000 0.000002
521000 0.000002
522000 0.000008
523000 0.000004
524000 0.000003
525000 0.000002
526000 0.000003
527000 0.000002
528000 0.000002
529000 0.000007
530000 0.000002
531000 0.000002
532000 0.000005
533000 0.000009
534000 0.000002
535000 0.000002
536000 0.000003
537000 0.000006
538000 0.000002
539000 0.000003
540000 0.000002
541000 0.000005
542000 0.000006
543000 0.000001
544000 0.000007
545000 0.000003
546000 0.000002
547000 0.000002
548000 0.000002
549000 0.000003
550000 0.000005
551000 0.000001
552000 0.000001
553000 0.000002
554000 0.000005
555000 0.000006
556000 0.000004
557000 0.000004
558000 0.000001
559000 0.000003
560000 0.000011
561000 0.000001
562000 0.000004
563000 0.000007
564000 0.000005
565000 0.000003
566000 0.000002
567000 0.000002
568000 0.000004
569000 0.000007
570000 0.000003
571000 0.000001
572000 0.000002
573000 0.000003
574000 0.000003
575000 0.000005
576000 0.000009
577000 0.000002
578000 0.000004
579000 0.000007
580000 0.000004
581000 0.000008
582000 0.000005
583000 0.000002
584000 0.000001
585000 0.000004
586000 0.000005
587000 0.000007
588000 0.000005
589000 0.000017
590000 0.000002
591000 0.000008
592000 0.000003
593000 0.000006
594000 0.000007
595000 0.000002
596000 0.000012
597000 0.000001
598000 0.000003
599000 0.000002
600000 0.000007
601000 0.000002
602000 0.000005
603000 0.000004
604000 0.000011
605000 0.000002
606000 0.000005
607000 0.000003
608000 0.000002
609000 0.000005
610000 0.000004
611000 0.000007
612000 0.000002
613000 0.000006
614000 0.000002
615000 0.000007
616000 0.000003
617000 0.000003
618000 0.000002
619000 0.000005
620000 0.000001
621000 0.000010
622000 0.000006
623000 0.000002
624000 0.000002
625000 0.000002
626000 0.000010
627000 0.000001
628000 0.000004
629000 0.000001
630000 0.000002
631000 0.000001
632000 0.000001
633000 0.000001
634000 0.000007
635000 0.000005
636000 0.000005
637000 0.000005
638000 0.000012
639000 0.000002
640000 0.000003
641000 0.000005
642000 0.000006
643000 0.000003
644000 0.000001
645000 0.000008
646000 0.000004
647000 0.000001
648000 0.000002
649000 0.000004
650000 0.000002
651000 0.000004
652000 0.000004
653000 0.000006
654000 0.000001
655000 0.000005
656000 0.000003
657000 0.000001
658000 0.000003
659000 0.000024
660000 0.000001
661000 0.000004
662000 0.000005
663000 0.000003
664000 0.000017
665000 0.000009
666000 0.000004
667000 0.000003
668000 0.000006
669000 0.000006
670000 0.000009
671000 0.000003
672000 0.000003
673000 0.000005
674000 0.000003
675000 0.000002
676000 0.000003
677000 0.000011
678000 0.000012
679000 0.000003
680000 0.000001
681000 0.000001
682000 0.000002
683000 0.000003
684000 0.000002
685000 0.000006
686000 0.000005
687000 0.000004
688000 0.000003
689000 0.000004
690000 0.000003
691000 0.000003
692000 0.000004
693000 0.000003
694000 0.000001
695000 0.000008
696000 0.000005
697000 0.000004
698000 0.000007
699000 0.000005
700000 0.000003
701000 0.000008
702000 0.000006
703000 0.000004
704000 0.000001
705000 0.000003
706000 0.000005
707000 0.000006
708000 0.000003
709000 0.000003
710000 0.000004
711000 0.000002
712000 0.000004
713000 0.000006
714000 0.000003
715000 0.000002
716000 0.000005
717000 0.000003
718000 0.000002
719000 0.000003
720000 0.000007
721000 0.000009
722000 0.000004
723000 0.000006
724000 0.000001
725000 0.000002
726000 0.000006
727000 0.000003
728000 0.000006
729000 0.000006
730000 0.000002
731000 0.000003
732000 0.000002
733000 0.000003
734000 0.000004
735000 0.000002
736000 0.000002
737000 0.000001
738000 0.000007
739000 0.000003
740000 0.000004
741000 0.000005
742000 0.000005
743000 0.000007
744000 0.000002
745000 0.000004
746000 0.000002
747000 0.000006
748000 0.000002
749000 0.000004
750000 0.000002
751000 0.000002
752000 0.000002
753000 0.000003
754000 0.000004
755000 0.000009
756000 0.000002
757000 0.000002
758000 0.000004
759000 0.000012
760000 0.000011
761000 0.000010
762000 0.000004
763000 0.000003
764000 0.000003
765000 0.000008
766000 0.000002
767000 0.000003
768000 0.000002
769000 0.000006
770000 0.000005
771000 0.000002
772000 0.000004
773000 0.000002
774000 0.000005
775000 0.000005
776000 0.000005
777000 0.000001
778000 0.000010
779000 0.000005
780000 0.000004
781000 0.000008
782000 0.000005
783000 0.000006
784000 0.000002
785000 0.000002
786000 0.000001
787000 0.000003
788000 0.000002
789000 0.000001
790000 0.000006
791000 0.000002
792000 0.000001
793000 0.000011
794000 0.000004
795000 0.000002
796000 0.000004
797000 0.000002
798000 0.000002
799000 0.000011
800000 0.000002
801000 0.000004
802000 0.000006
803000 0.000002
804000 0.000002
805000 0.000009
806000 0.000012
807000 0.000004
808000 0.000004
809000 0.000001
810000 0.000001
811000 0.000001
812000 0.000007
813000 0.000003
814000 0.000002
815000 0.000010
816000 0.000002
817000 0.000002
818000 0.000009
819000 0.000002
820000 0.000005
821000 0.000002
822000 0.000007
823000 0.000003
824000 0.000007
825000 0.000007
826000 0.000007
827000 0.000003
828000 0.000002
829000 0.000003
830000 0.000001
831000 0.000003
832000 0.000001
833000 0.000002
834000 0.000002
835000 0.000002
836000 0.000002
837000 0.000009
838000 0.000004
839000 0.000004
840000 0.000003
841000 0.000005
842000 0.000002
843000 0.000007
844000 0.000012
845000 0.000005
846000 0.000004
847000 0.000006
848000 0.000002
849000 0.000002
850000 0.000005
851000 0.000008
852000 0.000003
853000 0.000002
854000 0.000005
855000 0.000006
856000 0.000001
857000 0.000004
858000 0.000006
859000 0.000010
860000 0.000003
861000 0.000003
862000 0.000008
863000 0.000008
864000 0.000002
865000 0.000006
866000 0.000001
867000 0.000011
868000 0.000004
869000 0.000002
870000 0.000004
871000 0.000006
872000 0.000001
873000 0.000004
874000 0.000004
875000 0.000004
876000 0.000005
877000 0.000004
878000 0.000007
879000 0.000011
880000 0.000001
881000 0.000005
882000 0.000013
883000 0.000003
884000 0.000001
885000 0.000003
886000 0.000004
887000 0.000004
888000 0.000005
889000 0.000004
890000 0.000004
891000 0.000007
892000 0.000004
893000 0.000003
894000 0.000004
895000 0.000003
896000 0.000004
897000 0.000002
898000 0.000002
899000 0.000006
900000 0.000004
901000 0.000005
902000 0.000007
903000 0.000012
904000 0.000005
905000 0.000002
906000 0.000001
907000 0.000004
908000 0.000003
909000 0.000003
910000 0.000001
911000 0.000011
912000 0.000002
913000 0.000004
914000 0.000006
915000 0.000003
916000 0.000005
917000 0.000005
918000 0.000002
919000 0.000002
920000 0.000003
921000 0.000004
922000 0.000002
923000 0.000002
924000 0.000003
925000 0.000003
926000 0.000005
927000 0.000001
928000 0.000002
929000 0.000003
930000 0.000002
931000 0.000007
932000 0.000001
933000 0.000006
934000 0.000004
935000 0.000010
936000 0.000001
937000 0.000005
938000 0.000003
939000 0.000006
940000 0.000010
941000 0.000003
942000 0.000002
943000 0.000002
944000 0.000004
945000 0.000001
946000 0.000002
947000 0.000002
948000 0.000001
949000 0.000004
950000 0.000004
951000 0.000003
952000 0.000002
953000 0.000014
954000 0.000004
955000 0.000006
956000 0.000002
957000 0.000016
958000 0.000005
959000 0.000003
960000 0.000001
961000 0.000015
962000 0.000003
963000 0.000006
964000 0.000002
965000 0.000002
966000 0.000003
967000 0.000002
968000 0.000007
969000 0.000002
970000 0.000011
971000 0.000002
972000 0.000003
973000 0.000008
974000 0.000002
975000 0.000001
976000 0.000003
977000 0.000002
978000 0.000005
979000 0.000003
980000 0.000005
981000 0.000001
982000 0.000002
983000 0.000006
984000 0.000002
985000 0.000002
986000 0.000004
987000 0.000005
988000 0.000006
989000 0.000002
990000 0.000003
991000 0.000004
992000 0.000002
993000 0.000002
994000 0.000012
995000 0.000001
996000 0.000012
997000 0.000003
998000 0.000007
999000 0.000002
1000000 0.000001
1001000 0.000004
1002000 0.000004
1003000 0.000004
1004000 0.000002
1005000 0.000003
1006000 0.000004
1007000 0.000002
1008000 0.000002
1009000 0.000006
1010000 0.000011
1011000 0.000002
1012000 0.000003
1013000 0.000004
1014000 0.000001
1015000 0.000003
1016000 0.000005
1017000 0.000002
1018000 0.000004
1019000 0.000006
1020000 0.000002
1021000 0.000002
1022000 0.000009
1023000 0.000009
1024000 0.000007
1025000 0.000002
1026000 0.000004
1027000 0.000005
1028000 0.000001
1029000 0.000005
1030000 0.000003
1031000 0.000003
1032000 0.000002
1033000 0.000002
1034000 0.000003
1035000 0.000005
1036000 0.000010
1037000 0.000003
1038000 0.000003
1039000 0.000001
1040000 0.000002
1041000 0.000001
1042000 0.000002
1043000 0.000001
1044000 0.000005
1045000 0.000007
1046000 0.000004
1047000 0.000006
1048000 0.000004
1049000 0.000003
1050000 0.000008
1051000 0.000002
1052000 0.000002
1053000 0.000002
1054000 0.000001
1055000 0.000002
1056000 0.000007
1057000 0.000016
1058000 0.000009
1059000 0.000006
1060000 0.000002
1061000 0.000008
1062000 0.000004
1063000 0.000001
1064000 0.000003
1065000 0.000006
1066000 0.000004
1067000 0.000004
1068000 0.000002
1069000 0.000002
1070000 0.000004
1071000 0.000003
1072000 0.000009
1073000 0.000003
1074000 0.000009
1075000 0.000001
1076000 0.000004
1077000 0.000011
1078000 0.000001
1079000 0.000002
1080000 0.000003
1081000 0.000009
1082000 0.000003
1083000 0.000012
1084000 0.000003
1085000 0.000005
1086000 0.000003
1087000 0.000004
1088000 0.000002
1089000 0.000002
1090000 0.000004
1091000 0.000004
1092000 0.000006
1093000 0.000002
1094000 0.000006
1095000 0.000003
1096000 0.000003
1097000 0.000005
1098000 0.000002
1099000 0.000005
1100000 0.000005
1101000 0.000002
1102000 0.000002
1103000 0.000005
1104000 0.000002
1105000 0.000002
1106000 0.000001
1107000 0.000011
1108000 0.000002
1109000 0.000001
1110000 0.000003
1111000 0.000001
1112000 0.000003
1113000 0.000005
1114000 0.000001
1115000 0.000014
1116000 0.000007
1117000 0.000003
1118000 0.000004
1119000 0.000008
1120000 0.000004
1121000 0.000001
1122000 0.000007
1123000 0.000002
1124000 0.000007
1125000 0.000002
1126000 0.000004
1127000 0.000002
1128000 0.000002
1129000 0.000009
1130000 0.000008
1131000 0.000001
1132000 0.000003
1133000 0.000002
1134000 0.000003
1135000 0.000003
1136000 0.000003
1137000 0.000004
1138000 0.000010
1139000 0.000003
1140000 0.000005
1141000 0.000003
1142000 0.000003
1143000 0.000008
1144000 0.000008
1145000 0.000006
1146000 0.000002
1147000 0.000002
1148000 0.000003
1149000 0.000003
1150000 0.000003
1151000 0.000003
1152000 0.000002
1153000 0.000007
1154000 0.000002
1155000 0.000007
1156000 0.000007
1157000 0.000008
1158000 0.000006
1159000 0.000008
1160000 0.000003
1161000 0.000002
1162000 0.000001
1163000 0.000007
1164000 0.000001
1165000 0.000002
1166000 0.000004
1167000 0.000001
1168000 0.000002
1169000 0.000003
1170000 0.000014
1171000 0.000002
1172000 0.000003
1173000 0.000001
1174000 0.000006
1175000 0.000011
1176000 0.000002
1177000 0.000002
1178000 0.000003
1179000 0.000006
1180000 0.000004
1181000 0.000003
1182000 0.000003
1183000 0.000003
1184000 0.000002
1185000 0.000004
1186000 0.000008
1187000 0.000002
1188000 0.000001
1189000 0.000002
1190000 0.000004
1191000 0.000005
1192000 0.000002
1193000 0.000004
1194000 0.000011
1195000 0.000002
1196000 0.000002
1197000 0.000007
1198000 0.000005
1199000 0.000001
1200000 0.000006
1201000 0.000007
1202000 0.000006
1203000 0.000003
1204000 0.000002
1205000 0.000005
1206000 0.000004
1207000 0.000002
1208000 0.000003
1209000 0.000003
1210000 0.000004
1211000 0.000001
1212000 0.000002
1213000 0.000003
1214000 0.000003
1215000 0.000001
1216000 0.000002
1217000 0.000012
1218000 0.000002
1219000 0.000011
1220000 0.000002
1221000 0.000004
1222000 0.000004
1223000 0.000002
1224000 0.000010
1225000 0.000008
1226000 0.000002
1227000 0.000002
1228000 0.000013
1229000 0.000004
1230000 0.000002
1231000 0.000001
1232000 0.000003
1233000 0.000002
1234000 0.000002
1235000 0.000003
1236000 0.000004
1237000 0.000003
1238000 0.000006
1239000 0.000003
1240000 0.000007
1241000 0.000004
1242000 0.000005
1243000 0.000002
1244000 0.000004
1245000 0.000014
1246000 0.000004
1247000 0.000003
1248000 0.000002
1249000 0.000002
1250000 0.000008
1251000 0.000003
1252000 0.000004
1253000 0.000010
1254000 0.000003
1255000 0.000002
1256000 0.000006
1257000 0.000004
1258000 0.000003
1259000 0.000002
1260000 0.000002
1261000 0.000003
1262000 0.000002
1263000 0.000005
1264000 0.000002
1265000 0.000003
1266000 0.000001
1267000 0.000003
1268000 0.000006
1269000 0.000001
1270000 0.000001
1271000 0.000003
1272000 0.000002
1273000 0.000001
1274000 0.000004
1275000 0.000011
1276000 0.000003
1277000 0.000002
1278000 0.000006
1279000 0.000002
1280000 0.000003
1281000 0.000001
1282000 0.000002
1283000 0.000001
1284000 0.000005
1285000 0.000001
1286000 0.000007
1287000 0.000007
1288000 0.000004
1289000 0.000002
1290000 0.000002
1291000 0.000002
1292000 0.000015
1293000 0.000003
1294000 0.000004
1295000 0.000008
1296000 0.000003
1297000 0.000001
1298000 0.000003
1299000 0.000002
1300000 0.000004
1301000 0.000004
1302000 0.000004
1303000 0.000006
1304000 0.000005
1305000 0.000003
1306000 0.000010
1307000 0.000004
1308000 0.000004
1309000 0.000002
1310000 0.000002
1311000 0.000005
1312000 0.000002
1313000 0.000002
1314000 0.000007
1315000 0.000002
1316000 0.000005
1317000 0.000002
1318000 0.000001
1319000 0.000002
1320000 0.000004
1321000 0.000004
1322000 0.000002
1323000 0.000004
1324000 0.000002
1325000 0.000003
1326000 0.000004
1327000 0.000002
1328000 0.000001
1329000 0.000002
1330000 0.000003
1331000 0.000003
1332000 0.000004
1333000 0.000003
1334000 0.000001
1335000 0.000006
1336000 0.000005
1337000 0.000005
1338000 0.000004
1339000 0.000008
1340000 0.000001
1341000 0.000003
1342000 0.000003
1343000 0.000005
1344000 0.000003
1345000 0.000003
1346000 0.000006
1347000 0.000004
1348000 0.000011
1349000 0.000005
1350000 0.000002
1351000 0.000002
1352000 0.000004
1353000 0.000002
1354000 0.000006
1355000 0.000002
1356000 0.000001
1357000 0.000004
1358000 0.000002
1359000 0.000002
1360000 0.000004
1361000 0.000005
1362000 0.000001
1363000 0.000005
1364000 0.000003
1365000 0.000003
1366000 0.000007
1367000 0.000001
1368000 0.000005
1369000 0.000001
1370000 0.000008
1371000 0.000003
1372000 0.000004
1373000 0.000002
1374000 0.000002
1375000 0.000006
1376000 0.000009
1377000 0.000003
1378000 0.000007
1379000 0.000004
1380000 0.000003
1381000 0.000002
1382000 0.000002
1383000 0.000005
1384000 0.000003
1385000 0.000005
1386000 0.000008
1387000 0.000002
1388000 0.000002
1389000 0.000004
1390000 0.000003
1391000 0.000003
1392000 0.000002
1393000 0.000004
1394000 0.000004
1395000 0.000006
1396000 0.000004
1397000 0.000006
1398000 0.000007
1399000 0.000004
1400000 0.000004
1401000 0.000003
1402000 0.000007
1403000 0.000003
1404000 0.000002
1405000 0.000010
1406000 0.000003
1407000 0.000007
1408000 0.000002
1409000 0.000002
1410000 0.000002
1411000 0.000001
1412000 0.000003
1413000 0.000002
1414000 0.000004
1415000 0.000001
1416000 0.000004
1417000 0.000022
1418000 0.000001
1419000 0.000011
1420000 0.000007
1421000 0.000006
1422000 0.000008
1423000 0.000006
1424000 0.000002
1425000 0.000005
1426000 0.000007
1427000 0.000004
1428000 0.000002
1429000 0.000003
1430000 0.000009
1431000 0.000003
1432000 0.000002
1433000 0.000002
1434000 0.000003
1435000 0.000003
1436000 0.000002
1437000 0.000009
1438000 0.000005
1439000 0.000002
1440000 0.000002
1441000 0.000003
1442000 0.000004
1443000 0.000002
1444000 0.000001
1445000 0.000004
1446000 0.000006
1447000 0.000003
1448000 0.000002
1449000 0.000004
1450000 0.000012
1451000 0.000003
1452000 0.000009
1453000 0.000003
1454000 0.000003
1455000 0.000004
1456000 0.000006
1457000 0.000002
1458000 0.000001
1459000 0.000001
1460000 0.000003
1461000 0.000002
1462000 0.000003
1463000 0.000002
1464000 0.000006
1465000 0.000007
1466000 0.000003
1467000 0.000003
1468000 0.000006
1469000 0.000002
1470000 0.000004
1471000 0.000003
1472000 0.000007
1473000 0.000004
1474000 0.000003
1475000 0.000006
1476000 0.000004
1477000 0.000005
1478000 0.000003
1479000 0.000004
1480000 0.000006
1481000 0.000003
1482000 0.000003
1483000 0.000002
1484000 0.000005
1485000 0.000010
1486000 0.000003
1487000 0.000006
1488000 0.000002
1489000 0.000009
1490000 0.000003
1491000 0.000002
1492000 0.000002
1493000 0.000006
1494000 0.000003
1495000 0.000012
1496000 0.000002
1497000 0.000004
1498000 0.000002
1499000 0.000005
1500000 0.000001
1501000 0.000002
1502000 0.000006
1503000 0.000003
1504000 0.000003
1505000 0.000005
1506000 0.000002
1507000 0.000002
1508000 0.000009
1509000 0.000001
1510000 0.000003
1511000 0.000003
1512000 0.000005
1513000 0.000004
1514000 0.000006
1515000 0.000002
1516000 0.000001
1517000 0.000004
1518000 0.000003
1519000 0.000001
1520000 0.000001
1521000 0.000003
1522000 0.000006
1523000 0.000001
1524000 0.000003
1525000 0.000007
1526000 0.000006
1527000 0.000004
1528000 0.000004
1529000 0.000005
1530000 0.000002
1531000 0.000005
1532000 0.000005
1533000 0.000001
1534000 0.000003
1535000 0.000004
1536000 0.000004
1537000 0.000002
1538000 0.000001
1539000 0.000010
1540000 0.000007
1541000 0.000004
1542000 0.000003
1543000 0.000006
1544000 0.000002
1545000 0.000006
1546000 0.000003
1547000 0.000002
1548000 0.000002
1549000 0.000005
1550000 0.000002
1551000 0.000002
1552000 0.000001
1553000 0.000002
1554000 0.000003
1555000 0.000001
1556000 0.000007
1557000 0.000003
1558000 0.000010
1559000 0.000003
1560000 0.000003
1561000 0.000001
1562000 0.000002
1563000 0.000002
1564000 0.000001
1565000 0.000001
1566000 0.000005
1567000 0.000002
1568000 0.000004
1569000 0.000011
1570000 0.000003
1571000 0.000002
1572000 0.000006
1573000 0.000004
1574000 0.000003
1575000 0.000002
1576000 0.000002
1577000 0.000005
1578000 0.000003
1579000 0.000008
1580000 0.000005
1581000 0.000002
1582000 0.000002
1583000 0.000005
1584000 0.000004
1585000 0.000005
1586000 0.000007
1587000 0.000002
1588000 0.000003
1589000 0.000003
1590000 0.000007
1591000 0.000006
1592000 0.000003
1593000 0.000006
1594000 0.000003
1595000 0.000006
1596000 0.000003
1597000 0.000003
1598000 0.000006
1599000 0.000001
1600000 0.000004
1601000 0.000003
1602000 0.000003
1603000 0.000003
1604000 0.000007
1605000 0.000002
1606000 0.000007
1607000 0.000002
1608000 0.000001
1609000 0.000004
1610000 0.000005
1611000 0.000003
1612000 0.000010
1613000 0.000002
1614000 0.000002
1615000 0.000002
1616000 0.000012
1617000 0.000002
1618000 0.000002
1619000 0.000005
1620000 0.000003
1621000 0.000004
1622000 0.000005
1623000 0.000003
1624000 0.000004
1625000 0.000001
1626000 0.000002
1627000 0.000008
1628000 0.000002
1629000 0.000004
1630000 0.000002
1631000 0.000004
1632000 0.000002
1633000 0.000002
1634000 0.000003
1635000 0.000004
1636000 0.000001
1637000 0.000002
1638000 0.000003
1639000 0.000003
1640000 0.000003
1641000 0.000004
1642000 0.000007
1643000 0.000007
1644000 0.000002
1645000 0.000002
1646000 0.000003
1647000 0.000001
1648000 0.000006
1649000 0.000005
1650000 0.000002
1651000 0.000002
1652000 0.000003
1653000 0.000003
1654000 0.000001
1655000 0.000002
1656000 0.000003
1657000 0.000003
1658000 0.000002
1659000 0.000002
1660000 0.000001
1661000 0.000005
1662000 0.000006
1663000 0.000005
1664000 0.000010
1665000 0.000011
1666000 0.000004
1667000 0.000010
1668000 0.000004
1669000 0.000002
1670000 0.000011
1671000 0.000008
1672000 0.000005
1673000 0.000002
1674000 0.000001
1675000 0.000004
1676000 0.000001
1677000 0.000001
1678000 0.000001
1679000 0.000002
1680000 0.000005
1681000 0.000004
1682000 0.000004
1683000 0.000007
1684000 0.000001
1685000 0.000002
1686000 0.000006
1687000 0.000004
1688000 0.000004
1689000 0.000006
1690000 0.000004
1691000 0.000004
1692000 0.000001
1693000 0.000003
1694000 0.000002
1695000 0.000004
1696000 0.000014
1697000 0.000004
1698000 0.000002
1699000 0.000006
1700000 0.000007
1701000 0.000007
1702000 0.000002
1703000 0.000006
1704000 0.000007
1705000 0.000005
1706000 0.000003
1707000 0.000004
1708000 0.000001
1709000 0.000008
1710000 0.000003
1711000 0.000003
1712000 0.000009
1713000 0.000007
1714000 0.000011
1715000 0.000009
1716000 0.000008
1717000 0.000003
1718000 0.000004
1719000 0.000006
1720000 0.000002
1721000 0.000005
1722000 0.000002
1723000 0.000010
1724000 0.000002
1725000 0.000002
1726000 0.000007
1727000 0.000005
1728000 0.000003
1729000 0.000004
1730000 0.000002
1731000 0.000007
1732000 0.000002
1733000 0.000003
1734000 0.000002
1735000 0.000003
1736000 0.000002
1737000 0.000002
1738000 0.000007
1739000 0.000008
1740000 0.000003
1741000 0.000009
1742000 0.000007
1743000 0.000003
1744000 0.000003
1745000 0.000004
1746000 0.000010
1747000 0.000009
1748000 0.000006
1749000 0.000008
1750000 0.000003
1751000 0.000008
1752000 0.000006
1753000 0.000003
1754000 0.000002
1755000 0.000002
1756000 0.000003
1757000 0.000007
1758000 0.000007
1759000 0.000010
1760000 0.000005
1761000 0.000002
1762000 0.000005
1763000 0.000006
1764000 0.000006
1765000 0.000006
1766000 0.000023
1767000 0.000004
1768000 0.000007
1769000 0.000011
1770000 0.000010
1771000 0.000003
1772000 0.000002
1773000 0.000008
1774000 0.000002
1775000 0.000005
1776000 0.000011
1777000 0.000003
1778000 0.000004
1779000 0.000006
1780000 0.000003
1781000 0.000003
1782000 0.000014
1783000 0.000001
1784000 0.000002
1785000 0.000002
1786000 0.000005
1787000 0.000001
1788000 0.000002
1789000 0.000006
1790000 0.000004
1791000 0.000003
1792000 0.000002
1793000 0.000005
1794000 0.000006
1795000 0.000004
1796000 0.000001
1797000 0.000001
1798000 0.000012
1799000 0.000013
1800000 0.000004
1801000 0.000003
1802000 0.000008
1803000 0.000003
1804000 0.000004
1805000 0.000003
1806000 0.000006
1807000 0.000002
1808000 0.000008
1809000 0.000007
1810000 0.000003
1811000 0.000004
1812000 0.000002
1813000 0.000002
1814000 0.000002
1815000 0.000002
1816000 0.000003
1817000 0.000005
1818000 0.000006
1819000 0.000006
1820000 0.000002
1821000 0.000005
1822000 0.000005
1823000 0.000002
1824000 0.000005
1825000 0.000008
1826000 0.000005
1827000 0.000007
1828000 0.000024
1829000 0.000002
1830000 0.000011
1831000 0.000006
1832000 0.000003
1833000 0.000005
1834000 0.000004
1835000 0.000003
1836000 0.000001
1837000 0.000006
1838000 0.000005
1839000 0.000003
1840000 0.000011
1841000 0.000004
1842000 0.000012
1843000 0.000004
1844000 0.000001
1845000 0.000002
1846000 0.000002
1847000 0.000002
1848000 0.000007
1849000 0.000004
1850000 0.000004
1851000 0.000005
1852000 0.000005
1853000 0.000002
1854000 0.000002
1855000 0.000016
1856000 0.000009
1857000 0.000004
1858000 0.000002
1859000 0.000004
1860000 0.000002
1861000 0.000005
1862000 0.000003
1863000 0.000008
1864000 0.000009
1865000 0.000002
1866000 0.000009
1867000 0.000001
1868000 0.000007
1869000 0.000003
1870000 0.000004
1871000 0.000005
1872000 0.000002
1873000 0.000003
1874000 0.000005
1875000 0.000004
1876000 0.000005
1877000 0.000005
1878000 0.000015
1879000 0.000011
1880000 0.000011
1881000 0.000003
1882000 0.000002
1883000 0.000010
1884000 0.000002
1885000 0.000002
1886000 0.000003
1887000 0.000014
1888000 0.000003
1889000 0.000006
1890000 0.000009
1891000 0.000002
1892000 0.000003
1893000 0.000001
1894000 0.000002
1895000 0.000013
1896000 0.000007
1897000 0.000003
1898000 0.000003
1899000 0.000007
1900000 0.000002
1901000 0.000001
1902000 0.000008
1903000 0.000002
1904000 0.000003
1905000 0.000004
1906000 0.000003
1907000 0.000010
1908000 0.000007
1909000 0.000003
1910000 0.000003
1911000 0.000002
1912000 0.000004
1913000 0.000002
1914000 0.000005
1915000 0.000003
1916000 0.000003
1917000 0.000003
1918000 0.000002
1919000 0.000003
1920000 0.000004
1921000 0.000005
1922000 0.000005
1923000 0.000001
1924000 0.000001
1925000 0.000006
1926000 0.000003
1927000 0.000005
1928000 0.000003
1929000 0.000005
1930000 0.000004
1931000 0.000001
1932000 0.000003
1933000 0.000002
1934000 0.000002
1935000 0.000001
1936000 0.000003
1937000 0.000008
1938000 0.000002
1939000 0.000003
1940000 0.000002
1941000 0.000003
1942000 0.000002
1943000 0.000006
1944000 0.000006
1945000 0.000009
1946000 0.000004
1947000 0.000005
1948000 0.000002
1949000 0.000008
1950000 0.000003
1951000 0.000010
1952000 0.000003
1953000 0.000001
1954000 0.000002
1955000 0.000007
1956000 0.000002
1957000 0.000005
1958000 0.000005
1959000 0.000004
1960000 0.000005
1961000 0.000005
1962000 0.000008
1963000 0.000002
1964000 0.000001
1965000 0.000006
1966000 0.000006
1967000 0.000001
1968000 0.000002
1969000 0.000013
1970000 0.000010
1971000 0.000003
1972000 0.000003
1973000 0.000003
1974000 0.000004
1975000 0.000007
1976000 0.000002
1977000 0.000006
1978000 0.000001
1979000 0.000004
1980000 0.000002
1981000 0.000002
1982000 0.000002
1983000 0.000003
1984000 0.000007
1985000 0.000001
1986000 0.000001
1987000 0.000004
1988000 0.000003
1989000 0.000003
1990000 0.000002
1991000 0.000003
1992000 0.000007
1993000 0.000002
1994000 0.000002
1995000 0.000005
1996000 0.000002
1997000 0.000010
1998000 0.000007
1999000 0.000010
2000000 0.000004
